0.000120378
5.49181e-05
3.26367e-05
0.000109649
4.06549e-05
3.17422e-05
0.000888681
0.00040635
7.25823e-05
0.00058741
0.000252411
6.1281e-05
0.00325774
0.000909174
6.71594e-05
0.00194439
0.000543866
4.99872e-05
0.00726843
0.00132307
4.91217e-05
0.0042177
0.000782475
8.85869e-06
0.012555
0.00180049
3.2577e-05
0.00721013
0.00103462
-4.54143e-05
0.0188094
0.00138947
-0.000247211
0.010562
0.000761793
-0.00027511
0.0211082
0.000107882
9.42241e-06
0.0120596
7.88102e-05
-0.00015017
0.0220854
0.00178694
0.000391937
0.0128895
0.00100039
0.000100404
0.0289552
3.95785e-05
-0.00122386
0.015513
-0.00018502
-0.00103588
0.0165125
-0.00800699
-0.00073602
0.00880752
-0.00461837
-0.000699988
-0.0114925
-0.00258471
0.00261395
-0.00429425
-0.0012193
0.00196158
0.000482815
0.00868206
0.000856136
0.000960901
0.00510937
0.000664667
0.0286523
0.00122888
-0.00411231
0.0124155
5.98276e-05
-0.00341076
-0.00898469
-0.0252903
-0.00408624
-0.00878125
-0.0152464
-0.00315977
-0.122192
-0.028342
0.00553714
-0.0647815
-0.0155072
0.0047673
-0.155367
0.0160407
0.00874146
-0.0805867
0.010701
0.00801337
-0.0283627
0.039926
-0.00295093
-0.0184538
0.0232726
-0.00137733
0.0788002
0.0135885
-0.00745226
0.0379695
0.00678755
-0.00639104
0.0647622
-0.00935105
-0.000252051
0.0364378
-0.00629679
-0.00110064
0.0248923
-0.00756505
0.00294526
0.0169372
-0.00418749
0.00200131
0.00119413
0.000380465
0.00010328
0.000608331
0.000147633
0.000109886
0.00421563
0.00143609
0.000154977
0.00144466
0.000344516
0.000151182
0.0113233
0.00271893
0.000169769
0.00285776
0.000502809
0.000168253
0.0227423
0.00394845
0.000149641
0.00487038
0.000731224
0.000136361
0.037762
0.00458124
-4.21382e-05
0.00737808
0.000563355
-1.29443e-05
0.0523248
0.00333019
-0.000237737
0.00889033
0.000376202
-0.000191081
0.0610715
0.00249105
0.000104039
0.0111151
0.00128846
-5.45512e-05
0.0691368
0.00216361
-0.000419165
0.0136892
-0.000846345
-0.000361986
0.06832
-0.0054992
-0.00152687
0.00712143
-0.00295701
-0.00112634
0.0356903
-0.0120254
0.000332312
0.0031042
0.00241174
-1.5819e-05
0.00329703
-0.00189427
0.00225169
0.0123542
0.0015377
0.0016014
0.0141106
0.00780479
-0.000404541
0.00585755
-0.00589961
-0.000165206
0.019826
-0.0149999
-0.00603708
-0.0187954
-0.00943821
-0.0044881
-0.0938988
-0.0542736
-0.00322431
-0.0399761
-0.000987681
-0.00299504
-0.282503
-0.037788
0.00825868
-0.0263567
0.0101964
0.00593752
-0.307022
0.0344609
0.0099905
-0.00570583
-0.000545373
0.009028
-0.101462
0.0715338
-0.00103064
-0.0209265
-0.00533722
0.000854243
0.113832
0.0380005
-0.00808521
-0.0178633
0.00756673
-0.006478
0.163076
-0.00654999
-0.00379731
0.0161742
0.00823543
-0.00439418
0.107977
-0.0153976
0.00187421
0.0293416
-0.000431969
0.000657732
0.0053273
0.000922919
0.00023435
0.00193352
0.000164843
0.000234444
0.0115902
0.00268561
0.000224912
0.00290342
0.000382643
0.000223987
0.0237263
0.00440624
0.00023763
0.0043612
0.000477342
0.000216077
0.0415954
0.00591082
0.000122535
0.00599562
0.000396903
0.000122779
0.0627079
0.0056973
-0.000150314
0.00693493
9.4121e-05
-8.85934e-05
0.0807489
0.00537647
0.000109086
0.00772227
0.000806433
-2.38086e-05
0.0988025
0.00498235
-0.000474484
0.0102204
6.84834e-05
-0.000405111
0.106946
-0.00372537
-0.00173934
0.00705051
-0.00251883
-0.00126333
0.0797991
-0.00948452
0.000443501
0.000944816
0.00077343
2.51852e-05
0.0542803
-0.000375469
0.00165982
0.00892868
0.00414161
0.00108019
0.0559963
-0.00322324
-0.00179051
0.0143858
-0.00248478
-0.00136081
0.0196969
-0.0236296
-0.00412284
-0.00642911
-0.0121781
-0.00327815
-0.0981226
-0.04473
-0.00136433
-0.0451451
-0.00731274
-0.00122378
-0.247003
-0.029912
0.00518725
-0.0400543
0.0151234
0.00382417
-0.291665
0.00541585
0.00388416
0.0184959
0.0142979
0.00397967
-0.237927
0.0188626
0.000676437
0.0360326
-0.00847713
0.00126647
-0.156056
0.0346296
0.00346764
-0.0086131
-0.0156169
0.00234709
-0.00694204
0.0502598
0.000436595
-0.0431543
-0.000339837
0.000539512
0.154335
0.0303114
-0.00600794
-0.0213289
0.012993
-0.00439564
0.2005
-0.00386831
-0.00434438
0.0181808
0.00689349
-0.00404205
0.0157307
0.00139652
0.000356193
0.00421582
0.000109155
0.000348704
0.0249212
0.00385135
0.000287814
0.00487171
0.000294335
0.000287754
0.0416918
0.0058014
0.000190043
0.005977
0.00032289
0.000190678
0.0636529
0.0064431
-4.62536e-05
0.00660201
-8.74077e-05
1.00778e-05
0.0853861
0.0064092
9.70546e-05
0.0062856
0.000320711
1.54707e-05
0.10766
0.00695997
-0.000150629
0.0076024
4.83603e-05
-0.000186178
0.126089
0.000636372
-0.00154722
0.00469245
-0.00255652
-0.00110046
0.113926
-0.00707411
-0.000254919
-0.00195316
0.000680519
-0.000409923
0.0906783
-0.000554056
0.00183739
0.00658492
0.00428593
0.0010642
0.0960274
0.000565136
-0.00148462
0.0124789
-0.00372838
-0.00108359
0.071548
-0.0205683
-0.00483478
-0.00851493
-0.00772711
-0.00385776
-0.0507518
-0.0539021
-0.00310907
-0.0333174
-0.005078
-0.00263634
-0.245023
-0.0410909
0.00744924
-0.0320248
0.00974629
0.00494825
-0.305916
0.0147201
0.00780845
0.00934759
0.0105671
0.00657137
-0.200242
0.0283259
-0.00324538
0.0277376
-0.00114746
-0.00126419
-0.13225
0.00194656
-0.00492966
0.0187647
-0.00149119
-0.00374623
-0.151329
-0.001836
0.00301287
0.0108251
-0.00548937
0.00184284
-0.119014
0.0316518
0.00655392
-0.0159302
-0.0101604
0.00503256
0.0387204
0.0521663
-0.00056638
-0.0398546
-0.000272151
0.000140731
0.194693
0.0241069
-0.00740532
-0.0236382
0.00922808
-0.00568966
0.0353138
0.00160966
0.000412227
0.00715631
1.43281e-05
0.000401288
0.0458267
0.00445214
0.000320358
0.00722905
5.03946e-05
0.000313857
0.0647235
0.00607919
5.26647e-05
0.00721565
-0.000166855
0.000106357
0.0861447
0.00619968
3.69301e-05
0.00638741
-4.58384e-05
1.23615e-05
0.107764
0.00710602
4.58807e-05
0.00654217
3.23058e-05
-4.96038e-05
0.129402
0.00281392
-0.00127561
0.0041122
-0.00244419
-0.000875408
0.126502
-0.00481642
-0.000427218
-0.00366045
-0.000470802
-0.000476141
0.11008
0.00153889
0.00193808
0.00155579
0.00422278
0.00109528
0.123952
0.00336275
-0.00146362
0.0100037
-0.00219686
-0.00103409
0.107595
-0.0213641
-0.00495728
-0.00924134
-0.00889108
-0.00389268
-0.004325
-0.0474366
-0.00412662
-0.0338831
-0.00757897
-0.0027916
-0.184322
-0.0424204
0.00488022
-0.0361627
0.0117887
0.00356183
-0.271603
0.00273953
0.00726035
0.0179865
0.0152187
0.00608558
-0.206949
0.0228439
-0.000545926
0.0404624
-0.00593986
0.00064493
-0.134379
0.0138825
-0.00261567
0.00929337
-0.00721858
-0.00208186
-0.106106
0.00517459
-0.00112409
-0.000369629
0.00310883
-0.00108938
-0.102125
-0.00425688
-0.000693792
0.0147143
0.00397233
-0.000464099
-0.115241
0.00133755
0.00278828
0.0144172
-0.00723029
0.00202257
-0.0756913
0.0285823
0.00439943
-0.0221028
-0.0131541
0.00340491
0.0528602
0.0381988
-0.00179133
-0.0523059
-0.000986399
-0.000884393
0.0653851
0.00147389
0.000379281
0.0101578
-9.3969e-05
0.000363651
0.074939
0.00392896
0.000231024
0.00949461
-0.000358431
0.000246144
0.0908162
0.00491771
6.9504e-05
0.00782463
-0.000494783
8.44863e-05
0.108573
0.00605609
0.000129878
0.00657114
-7.21744e-05
2.8837e-05
0.128415
0.00352923
-0.000987738
0.00462656
-0.00212114
-0.000665363
0.129917
-0.00397561
-0.000669685
-0.0034161
-0.00136024
-0.000573757
0.114558
0.00119524
0.00195431
-0.00132848
0.00389856
0.00109314
0.129687
0.00613731
-0.000766189
0.00770704
-0.00174206
-0.000545468
0.128163
-0.0165502
-0.005096
-0.0110762
-0.00927276
-0.00388933
0.0247356
-0.041587
-0.00214577
-0.0364423
-0.00269577
-0.00218416
-0.139547
-0.0487445
0.00485109
-0.0369192
0.0077042
0.0029517
-0.233871
0.00418752
0.00767904
0.010636
0.0153878
0.00619843
-0.152517
0.0246979
-0.00302139
0.0425858
-0.00259744
-0.000477161
-0.0914247
0.00192589
-0.00485513
0.0210517
-0.00621722
-0.00353597
-0.111777
-0.00221336
0.00174205
0.00745254
-0.00220859
0.000836773
-0.106633
0.00920457
0.00218278
0.00349576
-0.000658067
0.00166356
-0.0657877
0.00775684
-0.00206626
0.00507234
0.00288183
-0.00135033
-0.0609204
-0.0103282
-0.00287702
0.0117507
0.000283736
-0.00216225
-0.109078
-0.0113087
0.00227511
0.000710907
-0.0097695
0.00161687
-0.110872
0.0178481
0.00522645
-0.0355592
-0.010432
0.00443522
0.104889
0.000936245
0.000228791
0.0124682
-0.000220489
0.00021905
0.110585
0.00210842
0.000100471
0.0109324
-0.000692519
0.000120405
0.118946
0.00331272
0.000223946
0.0084504
-0.000449955
0.000116142
0.13133
0.00277123
-0.000613474
0.00604066
-0.00185983
-0.00039786
0.133184
-0.0039329
-0.000878978
-0.00180664
-0.00208097
-0.000634521
0.115926
-0.000458062
0.00180454
-0.00276827
0.00338082
0.000980933
0.126448
0.00681027
-0.000168552
0.0066378
-0.000859525
-0.000135074
0.132011
-0.0138714
-0.00505221
-0.0102953
-0.00979026
-0.00374909
0.0378182
-0.0394277
-0.00224444
-0.0390344
-0.00380514
-0.00226811
-0.109507
-0.0367919
0.00287777
-0.0359524
0.00557453
0.00192672
-0.216332
0.0125143
0.0136238
-0.00199809
0.0266945
0.00758621
-0.119823
0.0272312
0.00102896
0.0482024
-0.00227409
0.00034694
-0.0426687
0.00612439
-0.00367877
0.0163549
-0.00775573
-0.00408661
-0.0507384
-0.00519055
3.69202e-06
0.00574109
0.00209899
-0.000915876
-0.0720591
-0.00408815
0.00152643
0.0155603
0.00132978
0.000885838
-0.0750743
0.00181175
0.000873407
0.0134048
-0.00341993
0.000620982
-0.0602833
0.00526731
-0.000839924
-0.000832415
-0.0043586
-0.000480663
-0.054544
-0.00553947
-0.00269755
-0.0078344
0.00225993
-0.00194169
-0.100444
-0.023015
-0.000770229
0.00145085
0.00301786
-0.000694032
-0.16558
-0.00519834
0.0068024
0.00501198
-0.00242586
0.0051931
0.150049
-4.11984e-05
-2.48937e-05
0.0133121
-0.000345082
-1.48883e-05
0.149319
-9.12257e-05
8.66841e-05
0.011302
-0.000588512
1.77605e-05
0.149489
0.00010212
-0.000279858
0.00878723
-0.00145353
-0.000200246
0.144944
-0.00523484
-0.000877041
0.00163334
-0.00267676
-0.000573335
0.122276
-0.00332363
0.00158569
-0.00268035
0.00246669
0.000846184
0.123463
0.00595372
0.000426025
0.00617168
0.000107559
0.000250983
0.131297
-0.0121158
-0.00496076
-0.00806045
-0.0100656
-0.00357603
0.0428039
-0.0392608
-0.00263584
-0.0396443
-0.00471947
-0.00252051
-0.105435
-0.0364459
0.00314463
-0.0382643
0.00562686
0.0020821
-0.199122
-0.0152553
0.00367321
-0.0142337
0.00700945
0.00320345
-0.103159
0.0399732
-0.0138935
0.0583047
-0.0125516
0.000303843
-0.0151052
0.0174808
-0.00811007
0.00979189
-0.00528786
-0.00142021
-0.0141356
-0.0031282
-0.000435999
0.00562567
0.00113603
0.000195995
-0.0295178
0.00169957
0.00222146
0.0101027
0.00158149
0.00192355
-0.0167701
0.000271458
-0.00127872
0.0140893
0.00110305
-0.000900969
-0.0270959
-0.00848887
-0.00142154
0.0122858
-0.00264405
-0.00102095
-0.0644376
-0.0116478
0.000512192
-0.000476473
-0.00519299
0.000337864
-0.0951734
-0.00506657
0.000383516
-0.0127857
-0.00181715
0.00037065
-0.10524
0.000959351
0.000712785
-0.00231089
0.0105203
0.000916839
-0.0864559
0.0158783
0.00508306
0.0394929
0.0142923
0.00423853
0.194772
-0.0011278
-0.000243122
0.0122055
-0.000279118
-0.000257514
0.187916
-0.00237696
-0.000225004
0.010648
-0.000778439
-0.000245451
0.175623
-0.00713218
-0.000962825
0.00582135
-0.00267469
-0.000609736
0.144467
-0.00750892
0.00119673
-0.00045367
0.00142198
0.000610392
0.129883
0.00306182
0.00110229
0.00678213
0.000993712
0.000654864
0.133872
-0.0113822
-0.00466313
-0.00447388
-0.0101461
-0.00326343
0.0484868
-0.0400893
-0.00310866
-0.0387645
-0.00589796
-0.00281775
-0.104789
-0.0374496
0.00333385
-0.0397618
0.00585197
0.00215581
-0.199722
-0.0147237
0.00389858
-0.0145281
0.00705024
0.00342794
-0.212298
0.00439725
0.00159682
0.00477473
0.00433508
0.00176073
0.000556543
0.000467565
-7.69011e-05
0.000374728
-0.000101951
-4.37388e-05
0.00043161
-0.00175278
-0.000349329
-0.00100754
-0.000718504
-0.000211483
-0.00694166
-0.000121317
0.000863646
-0.0013828
0.00151619
0.000475911
-0.000614466
0.00423894
-8.79289e-06
0.00348063
0.000312639
-1.14598e-06
0.00589193
-0.00596555
-0.00257537
-0.00242899
-0.00496833
-0.00184653
-0.0371716
-0.0182727
-0.00070671
-0.0186593
-0.00320194
-0.000783526
-0.0973831
-0.0109097
0.00251135
-0.0174962
0.00578462
0.00190636
-0.106934
0.00579064
0.00226077
0.00874789
0.0088082
0.00221284
-0.0623098
0.019232
0.00151934
0.0283181
0.000197282
0.00148162
0.0200992
0.0294198
0.00113711
0.0158715
-0.00774186
0.0008605
0.232436
-0.00177499
-0.000447441
0.0092428
-0.000111397
-0.000491457
0.220276
-0.0067344
-0.000986111
0.00746735
-0.00173311
-0.000713256
0.187156
-0.0109421
0.000540868
0.00178575
0.000571479
0.000148087
0.156723
-0.00138513
0.00141611
0.00767448
0.00191302
0.000777431
0.150408
-0.0120135
-0.00431489
0.000695495
-0.00978292
-0.00290366
0.0637299
-0.04217
-0.00361678
-0.0357529
-0.00741968
-0.00308989
-0.0994449
-0.0400241
0.00352629
-0.0403863
0.00600774
0.00222719
-0.20064
-0.0151504
0.00423012
-0.0136525
0.00714244
0.00372289
-0.212613
0.00446364
0.00158231
0.00499517
0.00404824
0.00179547
-0.177616
0.0132373
-0.000132554
0.0133736
0.000600637
0.000255285
0.000818531
-0.00114838
-0.000389484
-0.000422098
-0.000802599
-0.000214601
-0.00553553
-0.00088338
0.000598969
-0.00180419
0.00123921
0.0003078
-0.00331605
0.0036712
0.000355696
0.00310607
0.000558433
0.000195687
0.0048703
-0.00390297
-0.00234051
-0.00234097
-0.00502499
-0.00165438
-0.0310352
-0.0187344
-0.00166653
-0.0182654
-0.00229588
-0.00136647
-0.100498
-0.0149905
0.00265863
-0.0145685
0.00519895
0.00189756
-0.119731
0.00908663
0.00417494
0.00644348
0.00581616
0.00342556
-0.0523315
0.0258203
0.000512959
0.021088
0.00265228
0.000894481
0.0365
0.0186315
-0.00273961
0.0245334
-0.000726167
-0.00189924
0.0777112
0.00603179
-0.00114718
0.014914
-0.00581995
-0.00117783
0.256917
-0.00279223
-0.000936481
0.00450463
-0.000493677
-0.000800397
0.235464
-0.0101028
-0.000367455
0.00164624
-0.000113126
-0.000453243
0.199226
-0.00375026
0.0016401
0.00579236
0.00337376
0.000700587
0.185678
-0.012236
-0.00373114
0.00490576
-0.00831832
-0.00259156
0.0989974
-0.0450538
-0.00435315
-0.031145
-0.00900349
-0.00358218
-0.0783434
-0.0446059
0.00353895
-0.039801
0.00611276
0.0021376
-0.192924
-0.0170447
0.00469717
-0.0112542
0.00735319
0.00411751
-0.208511
0.00325226
0.0015586
0.00673078
0.00353661
0.00185719
-0.176652
0.0128251
-4.72803e-05
0.0139238
0.0006026
0.000322707
-0.131627
0.0117362
-0.000643396
0.0124437
-0.00152619
-0.000372919
-0.0039906
-0.00153744
0.000362435
-0.00190113
0.000622728
0.000149003
-0.00495821
0.00323108
0.000547278
0.00208327
0.00102755
0.000288617
0.00363669
-0.00322675
-0.00225727
-0.00123418
-0.00457994
-0.00154961
-0.0298579
-0.0183545
-0.00173128
-0.0173811
-0.00317818
-0.00142033
-0.0983379
-0.0143221
0.0026413
-0.0166074
0.00494346
0.00184621
-0.116967
0.00718274
0.00359281
0.00646747
0.00760115
0.00306378
-0.0597921
0.0225807
0.000946969
0.0253158
0.00193565
0.00115382
0.0255412
0.0237642
-0.00117407
0.021725
-0.00392546
-0.00083778
0.0923771
0.0123856
-0.00254333
0.00752158
-0.00302492
-0.00207378
0.107163
-0.00531265
-0.00224303
0.00117268
-0.000800943
-0.00193203
0.261355
-0.00445391
-0.000972959
-0.00196203
-0.000388521
-0.000829449
0.236629
-0.00384633
0.00122089
-8.05815e-05
0.00360921
0.000313039
0.225404
-0.00879402
-0.00364089
0.00547357
-0.00652782
-0.00241032
0.148545
-0.0438856
-0.00520179
-0.0281303
-0.00977065
-0.00408993
-0.0363432
-0.0488229
0.00355122
-0.0402688
0.00687212
0.00184684
-0.166175
-0.0200508
0.00527609
-0.00807463
0.00812126
0.00442344
-0.189421
0.000611515
0.00151181
0.0104117
0.00294718
0.0018543
-0.166279
0.0107532
9.9872e-05
0.0158061
0.000616114
0.000391464
-0.12672
0.0107225
-0.00052993
0.0142327
-0.00188599
-0.000261052
-0.0945748
0.00889413
0.00015069
0.00935103
-7.74895e-05
-5.33408e-05
-0.00653624
0.00264057
0.000776575
0.000701671
0.00166636
0.000397603
0.00181507
-0.00236827
-0.00200369
-0.000189609
-0.00431379
-0.0013591
-0.0274448
-0.0177224
-0.00201873
-0.0167249
-0.0036476
-0.00158912
-0.096359
-0.015532
0.00242991
-0.0171735
0.0049095
0.00167254
-0.119859
0.00694724
0.00405385
0.00600141
0.00737044
0.00333823
-0.0597553
0.0243696
0.000944678
0.0242096
0.00225457
0.00120371
0.0298218
0.0219512
-0.00208393
0.0232406
-0.00246398
-0.00140769
0.0847673
0.00923523
-0.00188663
0.0114201
-0.00452793
-0.00172118
0.0971372
0.00044476
-0.00056281
-0.00317708
-0.00380356
-0.000809907
0.0886364
-0.00581311
-0.000808905
-0.0103917
0.000544114
-0.000727029
0.244169
-0.00139741
0.000444346
-0.00713328
0.00215866
-0.000156151
0.241052
-0.00155007
-0.00223779
0.000237954
-0.00257765
-0.00158403
0.191638
-0.0413352
-0.00625255
-0.0279012
-0.0118358
-0.00488356
0.0132966
-0.0510623
0.00188996
-0.043847
0.00584926
0.000857019
-0.125635
-0.0197211
0.00516735
-0.00775512
0.00981102
0.00472467
-0.150576
-0.000872234
0.0012282
0.0137944
0.00296854
0.00181324
-0.135873
0.00737762
-8.33068e-06
0.0185254
0.000743207
0.000281079
-0.107258
0.00833563
-0.000447896
0.0176612
-0.00212894
-0.000145502
-0.0831459
0.00650227
0.000181538
0.0112588
-0.000512261
4.82394e-07
-0.0600855
0.00852426
0.000327885
0.0106833
-0.000197643
6.09694e-05
-0.000497782
-0.0012617
-0.00184229
0.000690778
-0.00397804
-0.00130241
-0.0254607
-0.0169144
-0.00221896
-0.0159376
-0.00395783
-0.00169595
-0.0940755
-0.0163942
0.00227431
-0.0178887
0.00453182
0.00151302
-0.120966
0.00647792
0.00419768
0.00511311
0.00781647
0.00343142
-0.0615375
0.0241771
0.000993079
0.0250649
0.00251352
0.00127212
0.0282431
0.0228432
-0.00183975
0.0235327
-0.00326225
-0.00126422
0.0878904
0.0106726
-0.00213167
0.00974007
-0.00415197
-0.00187235
0.10127
-0.00246793
-0.0013623
-0.00138899
-0.00222072
-0.00133942
0.0787067
-0.00865082
0.000109578
-0.00666212
-0.00132474
-0.000175206
0.0505605
-0.0054542
0.000916741
-0.00994712
-0.000251323
0.000611356
0.220836
0.00518689
-0.000452469
-0.00617904
0.0013528
-1.97624e-06
0.199054
-0.0300759
-0.00636949
-0.0299871
-0.0135705
-0.00604593
0.0395452
-0.0466881
0.00286302
-0.053021
0.00866629
0.000664727
-0.0904599
-0.0202276
0.00686141
-0.0101751
0.0121424
0.00553305
-0.106056
-0.000652988
0.000804792
0.0144125
0.00180362
0.00103904
-0.0901981
0.00687809
-0.000693876
0.0182057
0.00143892
-0.000427362
-0.0678536
0.00654471
-0.00041133
0.0202591
-0.0013819
-0.000157895
-0.0516308
0.00273993
3.60184e-06
0.0144999
-0.00100308
-0.00012914
-0.0415156
0.0052236
0.000387582
0.0128346
-0.000277091
7.45576e-05
-0.0260861
0.00121023
-0.00155566
0.00744496
-0.00411415
-0.00115404
-0.0258276
-0.0149916
-0.00274167
-0.016079
-0.00381529
-0.00196413
-0.09173
-0.0169107
0.00191934
-0.0187444
0.00409933
0.00119127
-0.122415
0.00594138
0.00443422
0.00404551
0.00835743
0.00356957
-0.063373
0.0246014
0.001162
0.025584
0.00259058
0.00140519
0.0289005
0.0231772
-0.00203033
0.0238624
-0.00322859
-0.00137079
0.088147
0.0100133
-0.00218423
0.010271
-0.0042421
-0.00192641
0.0997077
-0.00164825
-0.000963097
-0.00192779
-0.00291727
-0.00110133
0.0823436
-0.00738681
-0.000253963
-0.00834919
-0.000546273
-0.000376761
0.0538533
-0.00894945
0.000119688
-0.00738793
0.00118428
7.62887e-05
0.026315
-0.00560018
0.000866919
-0.00399328
0.000209495
0.000657434
0.176801
0.0111071
-0.0023372
-0.0213617
0.00292329
-0.00134624
0.159189
-0.0310449
-0.00567754
0.0127482
0.0128689
-0.00438611
0.00499894
-0.0413021
0.00411353
0.0367044
-0.00658094
0.0015631
-0.0980745
-0.0104408
0.00579019
0.00375641
-0.00747273
0.00457457
-0.0925181
0.00444432
0.000350266
-0.00782263
0.000301264
0.000836811
-0.0678041
0.00724927
-0.000913445
-0.00630883
-0.00139459
-0.000553908
-0.0492468
0.00405833
-0.000273535
-0.0107141
0.000114359
-0.000261564
-0.0384665
0.00519604
0.000699361
-0.00737163
0.00238175
0.000240713
-0.0199909
0.00253466
-0.00166274
-0.00243986
-0.00123677
-0.00116679
-0.0328797
-0.0148184
-0.00257234
-0.0126202
-0.00501004
-0.00197419
-0.097272
-0.0162901
0.00196431
-0.0211833
0.00319443
0.00125066
-0.126037
0.00608879
0.0043925
0.00181073
0.00918953
0.00352861
-0.0659814
0.0253827
0.00123029
0.025864
0.00281843
0.00145508
0.0290559
0.0236717
-0.00212783
0.0242576
-0.0032705
-0.00142746
0.0891056
0.0100916
-0.00222122
0.0101835
-0.0044272
-0.00197845
0.10056
-0.00192512
-0.00104976
-0.00211169
-0.00262658
-0.00115178
0.0814536
-0.00804485
-0.000169431
-0.00764768
-0.000681517
-0.000327412
0.0522152
-0.00770871
0.000485711
-0.00821329
0.000426057
0.000305523
0.0307481
-0.00460716
0.000356991
-0.00562535
0.00130533
0.000354306
0.0182508
-0.00361073
-3.76436e-05
-0.00137918
0.000912555
8.02424e-05
0.107948
0.00555203
0.00344006
-0.014696
-0.00519433
0.00149968
0.141116
0.00490123
-0.0028296
-0.02053
0.00807521
-0.00209706
0.117545
-0.0310923
-0.00564975
0.0208084
0.0125012
-0.00446508
-0.0201355
-0.0339261
0.00341229
0.0376929
-0.00607345
0.00173446
-0.0994575
-0.00722204
0.00395883
0.00725653
-0.00729298
0.00357661
-0.0954547
0.00114908
-0.000295456
-0.00845416
-0.00194997
0.000372653
-0.0860457
0.00609764
0.000486843
-0.00995655
0.00113474
0.000255779
-0.0614872
0.00764152
-0.000848193
-0.00691057
-0.00111314
-0.00054802
-0.0511926
-0.00792297
-0.003039
-0.0167881
-0.00470994
-0.00218265
-0.0994973
-0.0163713
0.000795499
-0.0229445
0.00424704
0.000352386
-0.136048
0.00468239
0.00494405
0.00183861
0.0089272
0.00372802
-0.0763773
0.0271284
0.00170846
0.0247554
0.00287909
0.0018673
0.0267827
0.024993
-0.00245067
0.0238647
-0.00315564
-0.0016261
0.0895255
0.0104096
-0.0023978
0.00980269
-0.00448753
-0.00214088
0.100716
-0.00196998
-0.000992982
-0.00239009
-0.0025188
-0.0011291
0.0816789
-0.007862
-0.000135327
-0.00773936
-0.000705905
-0.000306246
0.0530104
-0.00809129
0.000314848
-0.00812649
0.000703376
0.000207985
0.0291446
-0.00523164
0.000522576
-0.00494145
0.0010128
0.000445272
0.0167168
-0.00191316
0.000334171
-0.00251678
0.000248157
0.000324375
0.0129494
-0.001195
-0.000215605
-0.00188676
0.000448483
-8.05637e-05
0.0662316
-0.00199019
0.000244955
-0.0107069
0.000946317
0.000390234
0.072921
0.0127208
0.00211153
-0.0145224
-0.00350586
0.00142475
0.125155
0.00826551
-0.0042024
-0.0141681
0.00971817
-0.00257583
0.104076
-0.0280546
-0.00518004
0.0267111
0.00928852
-0.00418947
-0.024764
-0.0335498
0.00278701
0.0332254
-0.00789754
0.0014229
-0.111038
-0.0101087
0.0043845
0.00347069
-0.00469103
0.00358178
-0.112018
0.00413973
8.52201e-05
-0.00466782
-0.00225034
0.000551621
-0.0997841
-0.00470372
-0.00289989
-0.0168471
-0.00582182
-0.0018863
-0.13416
-0.0119172
0.000759522
-0.027931
0.00260967
0.000369024
-0.155139
0.00870832
0.00454969
-0.00535572
0.0102085
0.00347491
-0.0858182
0.0282094
0.00127167
0.0243988
0.00456041
0.00153253
0.0178841
0.025438
-0.00226104
0.0254013
-0.00397003
-0.00156172
0.0832569
0.0115622
-0.00230409
0.00825154
-0.00473443
-0.00205145
0.0983172
-0.00129127
-0.0010883
-0.00353154
-0.00223822
-0.00121096
0.0809577
-0.00749644
-0.000175696
-0.00806023
-0.000569087
-0.000354834
0.0530104
-0.0080047
0.000312272
-0.00820598
0.000677893
0.000194317
0.0294502
-0.00506321
0.000512528
-0.00520861
0.00104651
0.000433135
0.0172435
-0.00239249
0.000186744
-0.00218694
0.000605744
0.000241093
0.0110068
-0.00160864
1.72004e-05
-0.00111055
-7.12695e-05
5.38823e-05
0.00639107
-0.000689322
0.000125175
-0.00168836
-0.000155657
8.9252e-05
0.0329909
0.00211003
-9.18173e-05
-0.00866779
0.00118823
0.00027945
0.0401847
0.00377063
0.00130994
-0.00496586
-0.00146761
0.000867124
0.0676723
0.0181525
0.00186794
-0.0145079
-0.00380523
0.0010939
0.128026
0.00416847
-0.00537783
-0.0123246
0.00909754
-0.00368683
0.0844363
-0.0323169
-0.00365039
0.0236729
0.00863058
-0.00354431
-0.0457152
-0.0295267
0.00317951
0.0320269
-0.00664759
0.00179939
-0.1217
-0.0185636
0.000430546
-9.16957e-05
-0.0108877
0.00115228
-0.177883
-0.015735
0.00101537
-0.0246091
-0.000266456
0.00102441
-0.205715
0.00928851
0.00522698
-0.00898955
0.00967566
0.00396113
-0.127254
0.0338964
0.00203523
0.019706
0.00428633
0.00209399
0.000413842
0.0306843
-0.00305192
0.020944
-0.00322357
-0.00203107
0.0771639
0.011999
-0.00305743
0.00749386
-0.00390962
-0.00266318
0.0894779
-0.0013922
-0.000794018
-0.00339444
-0.00272985
-0.00106469
0.0738223
-0.00633551
-1.85218e-05
-0.00933753
-0.000591361
-0.000185421
0.0504024
-0.00714205
0.000159733
-0.00904169
0.000834373
9.24664e-05
0.0286443
-0.00477626
0.000458841
-0.00565905
0.00118439
0.000369056
0.0168772
-0.00216504
0.000249021
-0.00225952
0.000609587
0.000265395
0.0117218
-0.00134397
-4.98013e-05
-0.00128503
-8.87637e-06
1.1734e-05
0.00710001
-0.00143221
-4.28359e-05
-0.00123206
0.000159849
-1.795e-05
0.00222786
-0.000996249
0.000178363
-0.000669001
-9.99068e-06
0.000121896
0.0098175
0.0029291
0.00067168
-0.00436424
-0.000688512
0.000561118
0.0253433
0.00349082
-0.000436156
-0.00481618
0.0012091
-0.000100336
0.0347323
0.00372403
0.00110727
-0.00503815
-0.00423893
0.000598803
0.0602779
0.0152144
0.00120168
-0.0213806
-0.00257803
0.000715497
0.1084
0.00393845
-0.00476474
-0.00975012
0.0118835
-0.00339159
0.0618761
-0.037593
-0.00526753
0.0221353
0.00199693
-0.00465654
-0.104633
-0.0489558
0.00285981
0.0103821
-0.00638822
0.00144291
-0.223455
-0.00883598
0.00740798
0.00489856
0.00422742
0.00634429
-0.178912
0.0310455
0.00290542
0.0238942
0.00279904
0.00355289
-0.050799
0.0341095
-0.00242112
0.020055
-0.00426853
-0.00140552
0.0408843
0.0175466
-0.00264742
0.00186851
-0.00447487
-0.00250834
0.0724701
0.00266368
-0.00124185
-0.00869351
-0.0014553
-0.00148061
0.0654041
-0.00582872
-0.000366882
-0.00990666
0.000298932
-0.000583842
0.0415761
-0.00699322
0.000329957
-0.00887834
0.000287496
0.000152597
0.0220097
-0.00383551
0.000479493
-0.00692475
0.00106466
0.000444493
0.013833
-0.00123977
0.000150439
-0.00308115
0.000837108
0.000219967
0.0109367
-0.000936166
-0.00010712
-0.00155173
8.84416e-05
-4.20811e-05
0.00706279
-0.0012103
-9.06363e-06
-0.00143744
7.88122e-05
-1.78937e-05
0.00314527
-0.000850405
7.56137e-05
-0.000949858
0.000171374
6.29035e-05
0.000874269
-0.000621525
1.17968e-05
-0.000223588
0.000223304
3.26901e-05
0.00100878
0.000758598
0.000437482
-0.000992925
-0.000505519
0.000334257
0.00887887
0.0029243
-0.000371608
-0.00485423
-0.00160031
-0.000210285
0.0145429
-0.00180954
-0.000627458
-0.00792229
0.000947277
-0.000470602
0.00853461
0.00495851
0.0028068
-0.0070715
-0.0030952
0.00180743
0.045543
0.0126574
-0.00191333
-0.0243256
-0.00675195
-0.00157026
0.0561881
-0.016195
-0.00640702
-0.0262915
0.0100418
-0.00533465
-0.0464147
-0.0299382
0.00306634
0.0240937
0.0171376
0.00212066
-0.113291
-0.00170491
0.00660312
0.0583657
8.40153e-05
0.00608308
-0.0659034
0.0170874
-0.000355043
0.0376552
-0.010577
0.000609166
-0.00509051
0.0136522
-0.00274022
0.00551822
-0.00761399
-0.00205736
0.0211045
0.00549788
-0.000818249
-0.0112324
-0.00261587
-0.000884523
0.0277309
0.000228441
-5.08296e-05
-0.0157149
6.43873e-05
-0.000344429
0.0243229
-0.00265888
-0.000266503
-0.0136122
0.00153725
-0.000413904
0.0131103
-0.00328159
0.000212467
-0.00767291
0.00184495
5.76304e-05
0.0047619
-0.00105295
0.000439537
-0.00315834
0.000550054
0.000342089
0.00458806
6.15798e-05
-7.99752e-05
-0.00258713
-7.27335e-05
-4.7494e-05
0.00438714
-0.000379166
-0.000149675
-0.00235978
0.000227998
-0.000148057
0.00219893
-0.000516375
5.73611e-05
-0.00131146
0.000313731
2.74697e-05
0.000696438
-0.000295365
8.084e-05
-0.000471575
0.000157229
5.59731e-05
0.000328366
-0.000120967
-3.68143e-05
-0.000161349
6.40683e-05
-2.13226e-05
0.00529939
0.00246741
0.00334192
0.00306051
-0.000422365
0.000338552
0.0293264
0.00921153
0.00262442
0.0168907
0.0010338
0.000590777
0.064557
0.00768924
0.00350511
0.0372359
0.000769483
-0.000225877
0.0937449
0.0040069
0.00465146
0.0537319
0.000830656
-0.000822569
0.12153
0.0106096
-0.0071816
0.0685833
0.00536511
-0.00108546
0.0983368
-0.0418862
0.0046325
0.0575857
-0.0083263
-0.00459392
0.0130577
-0.00821099
0.0124848
0.00629409
-0.00144446
0.00249882
0.0948148
0.110927
-0.0648186
0.0485212
0.0360062
0.00501147
0.00460605
-0.192827
0.00416796
0.0114064
-0.0419589
-0.0227256
-0.50578
-0.198827
0.10948
-0.287685
-0.0559191
0.00671777
-0.22245
0.480081
-0.0969917
-0.144288
0.103599
0.0532313
0.551186
0.219797
-0.11253
0.324334
0.0513603
-0.0259382
0.0830082
-0.633386
-0.00476461
0.0541706
-0.0866469
-0.0815086
-1.67023
-0.77496
0.183221
-0.954159
-0.17692
0.00501986
-1.93949
0.816054
0.0539083
-1.12904
0.0946853
0.158541
1.01726
1.51715
-0.210341
0.591775
0.25914
0.0649213
2.84459
-0.593021
0.175401
1.67815
-0.113934
-0.187814
1.02959
-1.30719
0.197126
0.557408
-0.150953
-0.100274
-0.753404
0.143761
-0.236005
-0.483889
0.0825054
0.105808
-0.592542
0.574784
-0.152992
-0.316943
0.0464629
0.0620391
0.0280111
0.0131391
0.00369337
0.00833916
0.00327205
0.000110766
0.09931
0.0243302
-0.000414763
0.0235467
0.000557765
0.000825922
0.187254
0.0282375
-0.0025007
0.0337456
0.001888
0.000341408
0.270071
0.0292195
-0.00779396
0.0481648
0.00432297
-0.000637837
0.313738
-0.000189922
-0.00818246
0.0443388
-0.00919445
-0.0029861
0.23917
-0.0514625
0.0188904
0.0237618
0.00398759
-0.00356274
0.16115
0.0359232
-0.0255688
0.076096
0.0228127
0.0027306
0.126565
-0.0245207
-0.0521769
-0.0224679
-0.0626459
-0.0061487
-0.331322
-0.322579
0.111073
-0.204472
-0.000685866
-0.0152871
-0.795521
-0.0136792
0.0841222
0.105635
0.106444
0.0222104
-0.211077
0.487113
-0.178522
0.154722
-0.0834616
0.0323443
0.433467
0.123117
-0.239852
-0.387568
-0.0366654
-0.0353321
-0.927565
-1.12866
0.249681
-0.61564
-0.0662642
-0.0864579
-3.50919
-0.934253
0.561253
-0.130878
0.108166
0.0298612
-2.68748
1.39971
-0.155287
0.659817
0.0807361
0.178651
2.08985
2.06332
-0.66563
0.0409096
-0.136302
0.0618096
4.90258
-0.0671202
-0.119476
-0.470407
0.174303
-0.163475
2.82875
-1.59204
0.438266
0.508271
0.0276576
-0.146645
-0.366623
-0.739266
0.194926
0.703913
-0.230961
0.0416763
-1.15484
0.442876
-0.19691
-0.0369
0.0120763
0.101038
0.0635947
0.0369063
-0.000775777
0.00914097
0.00394858
-6.32383e-05
0.185897
0.0351326
-0.000373497
0.0269427
-0.000748925
-0.000209132
0.302894
0.0409341
-0.00531975
0.0324361
0.00110009
-0.000158203
0.404357
0.0279159
-0.0115323
0.029902
-0.00416346
-0.00186596
0.402651
-0.0370216
0.0177318
0.00829736
-0.00307692
-0.00422745
0.361307
0.0362737
-0.025012
0.040422
0.026759
0.0012957
0.32132
-0.0321668
-0.0533696
0.0244003
-0.0340446
-0.00762605
-0.195348
-0.37815
0.140321
-0.153026
-0.0372111
-0.0171644
-0.644813
0.0474125
0.0274911
-0.00806662
0.106783
0.0257703
-0.140434
0.455321
-0.255853
0.276354
0.0183331
0.0211002
-0.218633
-0.285489
0.0104627
-0.120403
-0.089629
-0.04882
-1.53719
-0.811766
0.223417
-0.752083
-0.158722
-0.0383468
-2.96397
-0.445222
0.301913
-0.60578
0.171714
0.0410874
-2.17131
0.974987
-0.221254
0.879025
0.292285
0.100959
0.272293
0.780008
-0.230155
1.14241
-0.262962
0.00310995
1.39711
-0.0515646
0.201857
-0.438216
-0.258244
-0.054264
2.30842
0.694459
-0.203014
-1.14024
0.100927
0.0216124
3.38818
0.230315
-0.210017
-0.161609
0.239134
-0.0361516
2.24631
-1.18409
0.327069
0.898369
0.00313295
-0.098703
-0.186326
-0.8145
0.182638
0.578901
-0.175466
0.00707177
0.0949882
0.0582396
-0.00394854
0.00620334
0.00235415
-0.000198666
0.26579
0.0463885
-0.00232449
0.0195326
0.00148881
-0.001219
0.398591
0.0352298
-0.00747285
0.023095
-0.001255
-0.0019415
0.450884
-0.0149485
0.0100478
-0.00171303
-0.00752186
-0.00361201
0.439899
0.0222133
-0.00926631
0.00780944
0.0249589
0.000107858
0.453485
0.0264024
-0.0642111
0.0169016
-0.0234711
-0.00403298
0.0870552
-0.314114
0.0960751
-0.148435
-0.0496858
-0.0182856
-0.452556
-0.104535
0.0839702
-0.020778
0.117651
0.0138107
-0.145525
0.470218
-0.239571
0.295657
0.00221938
0.0294824
-0.00281192
-0.15731
-0.0938382
-0.159744
-0.170721
-0.0429557
-1.3715
-0.841698
0.119672
-0.558397
0.039919
-0.0554834
-3.52353
-0.846963
0.471611
-0.40428
0.0908744
0.0244285
-2.96945
1.36636
-0.274109
0.53938
0.235321
0.151692
0.731548
1.70901
-0.644634
0.855881
-0.214378
0.0324624
2.09047
-0.724457
0.286195
-0.0380039
-0.0718707
-0.156711
0.370696
-1.17218
0.527341
-0.191365
0.152512
-0.0496408
-0.157414
0.519081
-0.0675562
-0.297292
-0.143799
0.111781
1.96472
1.41054
-0.51022
-0.696917
-0.012157
0.0637945
3.5469
0.0287997
-0.150456
-0.135948
0.202811
-0.0978366
1.84161
-1.44416
0.383334
0.653426
-0.0243981
-0.116608
0.109209
0.0678659
-0.00516908
0.000684573
0.000533652
-0.000307019
0.304615
0.0562783
-0.00858336
0.00270423
0.00136349
-0.00174861
0.422327
0.00616973
0.00256785
-0.00779382
-0.00652334
-0.00415001
0.431895
0.00161776
0.00529749
-0.0123726
0.0159294
-0.00187991
0.464192
0.0558259
-0.0628948
0.00580226
-0.00617311
-0.00123931
0.22496
-0.249588
0.0670953
-0.134388
-0.0605361
-0.0165161
-0.284376
-0.1516
0.110271
-0.087093
0.0943532
0.00798535
-0.00249619
0.489236
-0.243985
0.266915
0.0444231
0.0314283
0.18848
-0.149669
-0.0995015
-0.053425
-0.171088
-0.0425874
-1.33994
-1.01083
0.313523
-0.616795
0.00139077
-0.0571718
-3.10443
-0.954652
0.407127
-0.447383
-0.134587
0.0220216
-3.02338
0.90225
-0.188756
0.625326
0.331551
0.127069
-0.0747759
1.58303
-0.59161
1.2018
-0.255335
0.050475
1.64041
-0.184571
0.129095
-0.283435
-0.221861
-0.108813
1.0484
-0.555198
0.193625
-0.667678
0.290221
-0.0545357
0.330515
-0.125662
-0.0625891
0.164492
0.0881511
0.0198495
-0.227857
-0.223647
0.149969
0.331591
-0.0976528
0.0125056
0.0872065
0.441418
-0.0122125
-0.394011
-0.185188
0.0497333
1.80683
0.981912
-0.387758
-0.935608
0.0420304
0.0276469
2.62729
-0.244266
-0.042921
-0.182561
0.197837
-0.0857861
0.0991559
0.0638821
-0.00661534
-0.00583331
-0.00117268
-0.000284771
0.269493
0.0404901
-0.00606781
-0.022426
-0.00416873
-0.00235013
0.344572
0.00407684
0.00863764
-0.038123
0.00665714
-0.00323316
0.397269
0.0587614
-0.049885
-0.0104301
0.00940459
-0.00111299
0.259334
-0.178691
0.033142
-0.10987
-0.0642366
-0.013884
-0.215722
-0.207179
0.13353
-0.134495
0.0697229
0.00183211
-0.0107037
0.464729
-0.2091
0.223923
0.0799824
0.033338
0.352115
0.00789927
-0.163436
-0.0146863
-0.183609
-0.0327722
-1.01003
-1.02607
0.305454
-0.636535
-0.0102201
-0.0668773
-2.80391
-0.46634
0.172889
-0.27949
0.160598
0.0341035
-3.22068
0.480574
0.3498
0.350729
0.317024
0.102717
0.0736099
1.56464
-0.48413
1.21727
-0.261842
0.0649346
1.85905
-0.724284
0.330769
0.0159687
-0.339351
-0.133512
0.350986
-1.12897
0.486471
-0.556076
0.217085
-0.0611763
-0.255403
0.446644
-0.228206
-0.133119
-0.0344607
0.0874549
0.518121
0.545291
-0.267411
-0.025424
-0.0349323
0.0165357
0.576733
-0.388213
0.087929
0.154157
0.0788115
-0.0602778
-0.565396
-0.705791
0.335769
0.0435673
-0.0414124
-0.0162384
-0.766714
0.323406
0.0375055
-0.569051
-0.186715
0.0755824
1.10614
1.03555
-0.291601
-0.748352
0.044341
0.056367
0.0619151
0.0405535
-0.00659615
-0.0125724
-0.00468269
-0.000291753
0.148787
0.0108693
0.00606208
-0.0470678
-0.00157853
-0.0019729
0.214463
0.0607592
-0.0336506
-0.0412365
0.017429
-8.5253e-05
0.191456
-0.0941018
-0.00120992
-0.0970342
-0.0551114
-0.01028
-0.207014
-0.249559
0.146383
-0.164607
0.0353903
-0.00473322
-0.10479
0.406093
-0.163356
0.169969
0.111303
0.0323091
0.373982
0.143366
-0.218795
0.0412316
-0.174558
-0.0223201
-0.823579
-1.02077
0.307372
-0.648032
-0.0524067
-0.0722804
-2.64358
-0.500221
0.196895
-0.36745
0.179826
0.0296196
-2.62613
0.579372
-0.172412
0.38656
-0.000597549
0.0838967
0.0521035
3.52206
-1.8222
1.4107
0.75993
0.11319
1.87672
0.176562
-0.0221495
0.000507319
-0.273769
-0.144785
0.601386
-0.876617
0.395954
-0.826839
0.501439
-0.0886711
-0.388671
0.0509044
-0.0649789
0.129101
0.0282687
0.0634148
-0.320127
0.300371
-0.0824907
0.169738
-0.13442
0.0360343
0.11487
0.153757
-0.023818
-0.207644
-0.0507419
-0.00529713
0.338902
-0.0850383
-0.0582009
-0.317261
0.0264809
-0.0220329
-0.342648
-0.489157
0.0919881
0.0892326
0.116636
-0.0292204
-1.43717
-0.391875
0.351863
0.211961
-0.00498325
0.0249531
-0.346879
1.03083
0.0296784
-0.117354
-0.0878414
0.117743
-0.00239844
-0.00464611
0.00101936
-0.0191188
-0.00829512
-0.000347212
-0.0113424
0.0221276
-0.0112297
-0.0486354
0.0136176
0.000652977
-0.00629799
-0.0201925
-0.0299032
-0.08026
-0.0354095
-0.00436014
-0.302474
-0.24015
0.134624
-0.185452
1.80161e-07
-0.00746176
-0.277029
0.326646
-0.104561
0.0919008
0.136826
0.0283904
0.293268
0.272492
-0.26658
0.0953179
-0.152188
-0.011904
-0.710166
-0.992367
0.288988
-0.637052
-0.104468
-0.0765402
-2.60623
-0.605515
0.254549
-0.446482
0.206993
0.0211104
-2.60876
0.632161
-0.18719
0.386009
0.00663628
0.0920522
-1.11603
0.671437
-0.13218
0.528506
-0.0742652
0.0224269
3.04681
-2.63282
0.620253
0.773154
-2.84533
-0.0579921
1.24057
-1.30744
0.0658899
-0.718634
0.610168
-0.0344811
-0.351329
0.165592
-0.300978
0.139206
-0.104788
0.0323242
-0.0215616
0.58544
-0.311509
0.104971
0.00796288
0.0345512
0.0489499
-0.250308
0.0674012
0.0631596
0.0229709
-0.0564904
-0.516369
-0.34451
0.160453
-0.165874
-0.0299837
-0.00239967
-0.769785
0.0149144
0.083184
-0.343544
-0.0281231
0.0271763
-0.392488
0.131236
-0.0927215
-0.129242
0.00579571
0.00065573
0.0221348
0.187208
-0.0991271
0.636879
0.159332
0.0109238
1.08794
0.808501
-0.0271579
0.96674
0.0406313
0.0664338
-0.0763574
-0.0407455
0.00397776
-0.0181987
-0.0019731
0.000315295
-0.179594
-0.00902601
-0.0333482
-0.0484457
-0.00950233
0.000241264
-0.443584
-0.236712
0.113029
-0.162222
-0.039987
-0.00728571
-0.539583
0.21891
-0.0432666
0.0164125
0.14221
0.0244026
0.0702682
0.416476
-0.317211
0.12988
-0.105714
0.000889445
-0.678402
-0.913242
0.246363
-0.611014
-0.159222
-0.078366
-2.63263
-0.73245
0.323858
-0.538653
0.225218
0.00891375
-2.68596
0.674749
-0.204327
0.387082
0.0317909
0.0994711
-1.08614
0.718376
-0.147703
0.546183
-0.099989
0.0254426
0.307902
0.241747
0.00727103
0.292001
0.0144486
-0.0333443
0.024759
0.00131057
-0.0170722
0.00180842
-0.0153664
-0.00135994
-0.091597
-0.105801
0.0667225
-0.0490034
-0.00134406
-0.00335489
-0.0367039
0.18281
-0.063278
0.0699068
0.0608605
0.0137479
0.238571
0.0940936
-0.123233
0.0555764
-0.0587445
-0.00954114
-0.338147
-0.529153
0.16806
-0.301131
-0.074626
-0.0369078
-1.20403
-0.216755
0.138488
-0.263416
0.0720168
0.0212601
-0.805251
0.474632
-0.110478
0.334565
0.114672
0.0537977
0.376284
0.39337
-0.0556841
0.629622
-0.0335531
0.00612953
1.32496
0.248329
-0.0167231
0.0931131
-0.137603
-0.0146244
1.984
0.270144
-0.121333
-0.523952
-0.0215117
-0.0124223
-0.129725
-0.0576255
-0.0150939
-0.00841315
0.0012044
0.000899024
-0.439105
-0.200343
0.0614198
-0.0916869
-0.0491673
-0.00443599
-0.739867
0.0522272
0.0407486
-0.0337985
0.127118
0.0172269
-0.238449
0.466173
-0.318605
0.164247
-0.0549213
0.0125869
-0.750782
-0.809689
0.182325
-0.544739
-0.230435
-0.0736218
-2.74699
-0.862788
0.390498
-0.647103
0.230455
-0.00372457
-2.86971
0.713886
-0.216365
0.372472
0.0757876
0.106342
-1.13078
0.795835
-0.181394
0.573983
-0.137076
0.029914
0.321574
0.223785
0.0275572
0.265767
0.0254671
-0.0385483
0.927171
-0.0379714
0.0225101
0.0481393
-0.0113033
-0.0308038
-0.0551266
-0.102662
0.0546394
-0.0421273
-0.0233454
-0.00454207
-0.0736964
0.114432
-0.0279376
0.0430887
0.0740739
0.010448
0.191285
0.164332
-0.141013
0.0746223
-0.0622375
-0.00224226
-0.219228
-0.451233
0.114437
-0.302356
-0.0793022
-0.0370014
-1.20174
-0.424824
0.21514
-0.223949
0.112386
0.00575826
-1.06614
0.459632
-0.061656
0.333566
0.0461201
0.0652807
0.517209
0.841341
-0.25118
0.441621
-0.0669703
0.0305601
1.7639
0.122739
-0.0558632
0.18329
0.000806681
-0.0506217
1.38215
-0.582583
0.204189
-0.048124
-0.00378679
-0.0558744
0.458971
-0.248868
0.0918508
-0.368841
-0.0595428
0.0144282
-0.188633
-0.153424
0.0107737
-0.0173575
-0.0291772
-0.00146261
-0.656846
-0.131576
0.0963734
-0.0439851
0.0626092
0.00694308
-0.414936
0.522743
-0.346838
0.203712
0.0520123
0.0230766
-0.805115
-0.651851
0.0953084
-0.422758
-0.265961
-0.0658429
-2.89827
-1.06089
0.498975
-0.744751
0.209527
-0.0198125
-3.17835
0.700613
-0.196698
0.350523
0.126407
0.114396
-1.28506
0.908102
-0.232922
0.613906
-0.180933
0.0395982
0.250998
0.196988
0.0574104
0.227489
0.0303701
-0.0452065
0.896967
-0.0219115
0.0188316
0.0422226
-0.000819707
-0.0306896
0.836125
-0.139544
0.0514712
-0.103345
-0.00414477
-0.0139125
-0.10074
0.0461424
0.0129174
0.00195944
0.0713335
0.00576881
0.154101
0.205603
-0.155977
0.0937115
-0.039007
0.00279229
-0.177231
-0.429932
0.103586
-0.260598
-0.0982234
-0.0367646
-1.17041
-0.443541
0.226354
-0.27438
0.0938592
0.00258559
-1.03437
0.482109
-0.0941397
0.296817
0.0791137
0.0653309
0.414919
0.699864
-0.184959
0.553562
-0.046659
0.0243513
1.55858
0.156852
-0.0131017
0.180707
-0.0807158
-0.0381992
1.65281
-0.192929
0.014257
-0.27485
0.004999
-0.039832
0.881313
-0.434224
0.0519146
-0.252873
0.074998
-0.02472
-0.303936
-0.458576
0.143412
-0.0499374
-0.00961902
0.002835
-0.267178
-0.222433
0.0925682
-0.0233144
-0.00624078
-0.000641702
-0.375362
0.377727
-0.243464
0.176114
0.128066
0.0228498
-0.613304
-0.557053
-0.00902544
-0.240074
-0.367518
-0.0544672
-2.8226
-1.18325
0.487209
-0.784413
0.186164
-0.0335922
-3.47736
0.714363
-0.211994
0.333753
0.246578
0.118736
-1.5228
1.04884
-0.298828
0.687155
-0.215637
0.051532
0.08251
0.16468
0.0897624
0.190492
0.023721
-0.051383
0.750997
0.00508902
0.0134045
0.0271372
0.0269307
-0.0292566
0.76196
-0.115144
0.0426649
-0.118143
-0.0216885
-0.0130503
0.610005
0.0340808
-0.01386
-0.0349852
0.0512974
0.00415423
0.102703
0.259288
-0.179424
0.110497
0.00857625
0.0104903
-0.130822
-0.368012
0.0743637
-0.224984
-0.127971
-0.035134
-1.11775
-0.503423
0.246171
-0.307628
0.0951151
-0.00460053
-1.10346
0.423847
-0.0612026
0.287454
0.0912549
0.0652332
0.381318
0.801225
-0.223608
0.548748
-0.0660058
0.033314
1.66657
0.184125
-0.0487692
0.186945
-0.0532492
-0.0426905
1.57232
-0.412039
0.115154
-0.182836
0.0210027
-0.0522279
0.667241
-0.339743
0.0612798
-0.307907
-0.0100408
-0.00626982
0.00208887
-0.0374371
-0.064231
-0.266851
0.00577173
0.0182254
-0.3978
-0.133879
0.0110556
0.00631599
0.054354
0.00165757
-0.130305
0.126844
-0.0748851
0.0809052
0.118907
0.0113059
-0.187572
-0.207802
-0.179287
-0.0166457
-0.280487
-0.0285576
-2.54602
-1.51904
0.71056
-0.883495
0.109961
-0.0659905
-3.53964
0.296158
-0.00434576
0.293713
0.193185
0.114812
-1.54637
1.11237
-0.402594
0.859076
-0.310641
0.0773531
-0.0220494
0.123795
0.0858218
0.19396
0.0202761
-0.0582287
0.524548
-0.0245199
0.0299889
0.0175325
0.0588178
-0.0306432
0.58583
-0.0837995
0.0186055
-0.11678
-0.053205
-0.00853163
0.446879
0.0343797
-0.00807637
-0.0720436
0.0633118
0.00291969
0.537797
0.142214
-0.118021
-0.000612178
-0.0226569
0.00120969
-0.0695437
-0.316357
0.0399569
-0.178478
-0.168231
-0.0307226
-1.05833
-0.540405
0.253867
-0.331867
0.0998712
-0.00787078
-1.15333
0.382658
-0.0391484
0.255068
0.102028
0.0641793
0.340512
0.837868
-0.242147
0.57382
-0.055909
0.038368
1.65838
0.1827
-0.0372493
0.215337
-0.0713526
-0.0431859
1.62272
-0.354456
0.0896512
-0.230723
0.00815341
-0.0507268
0.758286
-0.362919
0.0421925
-0.306674
0.0329388
-0.0121627
-0.153199
-0.241851
0.0397683
-0.155681
0.00316063
0.0106588
-0.599626
0.0174593
-0.000624295
-0.074425
-0.0300607
0.0232842
-0.416092
0.208209
-0.0854481
-0.0285157
0.019232
0.0157312
0.281395
0.0649408
-0.174332
0.168606
-0.129698
0.010071
-1.9218
-1.26721
0.36206
-0.993118
0.0916724
-0.120879
-3.35274
0.64809
-0.264076
0.309627
0.503666
0.134213
-1.50467
1.24182
-0.230905
0.977335
-0.235702
0.0973665
0.0953111
-0.118764
0.314283
0.133605
-0.0149754
-0.0898802
0.51101
-0.16722
0.0771049
0.0632312
0.0631502
-0.0293281
0.447976
-0.054276
-0.012196
-0.0566494
-0.0677087
0.00538933
0.211212
-0.0364796
0.0478154
-0.102061
0.056405
0.000575097
0.305513
0.157711
-0.126088
-0.00815731
-0.0191221
0.00407396
0.082658
-0.238942
-0.00265941
-0.240712
-0.0767722
-0.0245721
-0.898722
-0.667094
0.312881
-0.300732
0.0630484
-0.0258765
-1.17608
0.305091
-0.0100018
0.220863
0.109374
0.063108
0.290385
0.896949
-0.271113
0.603303
-0.0420604
0.0475659
1.68091
0.220767
-0.0526092
0.231
-0.0892349
-0.0432877
1.65337
-0.396995
0.106453
-0.236014
0.021358
-0.0555196
0.722036
-0.387389
0.0632716
-0.306937
0.0225773
-0.0111123
-0.118142
-0.142365
-0.00882649
-0.198083
-0.00698265
0.0165016
-0.514359
-0.0348653
-0.00578161
-0.0462943
0.0146313
0.0144913
-0.607227
-0.00364328
0.0286411
0.0791732
0.00498144
0.00906099
-0.401326
0.157398
-0.0298165
0.0341254
-0.0339676
0.0116229
0.477318
0.144037
-0.653391
-0.026004
0.395836
-0.0231438
-1.96182
-1.20698
0.422691
1.02672
-0.234065
-0.0607975
-3.00125
0.879331
-0.312506
-0.194639
-0.452587
0.118984
-0.917419
1.23314
-0.433937
-0.689852
0.298131
0.0602295
0.383482
-0.0766281
0.16898
0.0377185
-0.0291786
-0.0747552
0.534932
-0.198127
0.0730919
-0.0284702
-0.118039
-0.0278144
0.289225
-0.05633
0.0180147
-0.0358336
0.0757887
0.00584689
0.298527
0.214805
-0.13744
0.145394
0.0339806
0.0100455
0.171683
-0.250795
-0.00877248
-0.026714
-0.102143
-0.0281501
-0.899581
-0.618588
0.284125
-0.334317
-0.0221513
-0.0161479
-1.13594
0.31701
-0.0163964
0.112949
0.187699
0.064497
0.308519
0.876767
-0.253402
0.667557
-0.0534996
0.0455591
1.72805
0.243446
-0.0682287
0.260363
-0.11275
-0.0414705
1.69129
-0.418445
0.114644
-0.243054
0.0285216
-0.0576508
0.726389
-0.391264
0.0608761
-0.321552
0.0256814
-0.01102
-0.134785
-0.160187
-0.00315079
-0.183528
0.00268988
0.0165335
-0.554759
-0.0307584
0.00582282
-0.0433408
-0.00671355
0.0164873
-0.543826
0.0921358
-0.0218047
0.0270553
0.00426558
0.0126587
-0.327658
0.0699658
-0.0189271
0.0822177
0.0142338
0.000975655
-0.233077
-0.0354181
0.0381958
0.0713173
-0.0140187
-0.00548127
0.221559
0.815424
-0.364696
-0.17173
-0.325875
0.0267976
0.360417
-0.474473
0.0466225
0.342991
0.374948
-0.0719347
-1.84439
-1.41176
0.69263
0.980089
-0.197415
-0.0473604
-2.44651
0.694979
-0.214756
-0.305754
-0.199232
0.123991
-0.636945
0.849874
-0.305417
-0.650974
0.252363
0.036843
0.179782
-0.219273
0.223989
-0.129127
-0.010343
-0.0640792
0.394589
0.12369
-0.0623142
0.07681
0.00313046
-0.00233747
0.484947
-0.0543721
-0.0994444
-0.0169497
-0.10422
-0.016076
-0.431254
-0.674603
0.263109
-0.322148
-0.00721704
-0.0326926
-1.08727
0.0418872
0.105024
0.187152
0.185487
0.0507007
0.183837
1.0094
-0.314321
0.657787
-0.0680562
0.0675126
1.82627
0.356893
-0.119056
0.248824
-0.0854838
-0.0372143
1.80323
-0.503771
0.160232
-0.226864
0.0142633
-0.069868
0.752035
-0.424879
0.0689564
-0.327378
0.0285315
-0.0102958
-0.142211
-0.143914
-0.0128045
-0.175657
0.00199044
0.0202357
-0.546485
-0.0178639
-0.0040031
-0.0441849
-0.00817817
0.0164571
-0.561181
0.0498152
-0.00134147
0.0410764
0.0132587
0.0102846
-0.368965
0.0922261
-0.0145482
0.0744192
-0.00736245
0.00474574
-0.142027
0.0681883
-0.0211966
0.0220055
-0.00833586
-0.00241793
-0.0750571
-0.0467989
0.0172961
0.01954
0.0199738
-0.00809877
-0.0442447
-0.12424
0.209384
0.0719775
-0.0111106
-0.00129685
0.726866
0.594638
-0.345369
-0.230538
-0.0213996
0.0206904
0.607985
-0.712232
0.0790075
0.46518
0.360465
-0.0800116
-1.72347
-1.18389
0.49239
0.802701
-0.275696
-0.0322729
-2.41086
0.581527
-0.193347
-0.465058
-0.142201
0.112247
-0.842022
0.924626
-0.316787
-0.484017
0.275419
0.0431777
0.28172
0.0220164
-0.011379
-0.0782221
-0.134556
-0.0606032
-0.19517
-0.675652
0.292285
-0.367305
-0.0624274
-0.0487584
-0.773739
0.0277592
0.116067
0.0703966
0.19123
0.0451064
0.464402
0.945466
-0.310654
0.714736
-0.0129426
0.0621177
1.91536
0.264642
-0.0873168
0.399436
-0.144594
-0.0388476
1.82005
-0.450144
0.128926
-0.275454
0.000696632
-0.061885
0.824856
-0.398181
0.0532311
-0.369475
0.0718173
-0.00979457
-0.0896783
-0.168224
-0.000483931
-0.14919
-0.0101809
0.0168099
-0.52133
-0.0238211
-0.0043864
-0.0327534
-0.0115598
0.0171225
-0.554731
0.0486343
-0.000332074
0.0402818
0.0115771
0.010983
-0.36035
0.09596
-0.0213781
0.0727166
-0.000367786
0.00477636
-0.166187
0.0296769
-0.00096391
0.0451647
-0.00553837
-0.00384084
-0.105163
-0.00822346
0.0140565
-0.0019245
-0.00521901
-0.00374422
-0.0556396
0.0330439
-0.0176245
-0.0144795
0.00640045
0.000707393
0.154543
-0.0286972
0.0186845
0.0365641
0.0792568
-0.00659341
0.26409
0.197994
0.00637927
-0.0179625
-0.145002
0.0117535
1.07291
0.609347
-0.413075
-0.271818
0.0141742
0.00453544
0.39861
-1.02333
0.245544
0.490631
0.241906
-0.0956146
-2.05843
-0.878239
0.403723
0.703774
-0.183302
0.00285038
-2.20093
0.761493
-0.347182
-0.362172
-0.17041
0.106874
-1.26287
0.0264154
0.0520072
-0.789253
0.060502
-0.0129422
-0.999518
0.000311899
0.202672
-0.122418
0.180059
-0.00255751
0.498545
1.06088
-0.324191
0.656796
0.0234738
0.0587346
2.27892
0.435653
-0.15538
0.387219
-0.156323
-0.0373429
2.21459
-0.626474
0.198389
-0.235389
0.020878
-0.0825012
0.887477
-0.570931
0.125584
-0.292769
0.037937
-0.0126423
-0.116382
-0.0884936
-0.0445588
-0.176898
-0.021186
0.0319697
-0.449672
0.0157241
-0.0240041
-0.0447823
0.00660184
0.0175854
-0.488365
0.0135717
0.0144255
0.0553055
0.0043328
0.00555775
-0.339832
0.0865383
-0.0199523
0.0797778
0.00394713
0.00553179
-0.154271
0.0459787
-0.009554
0.0480789
-0.0101246
-0.00207321
-0.0880293
-0.0165208
0.011368
-0.00193441
0.00228534
-0.00507323
-0.09518
-0.0136449
0.00904826
0.00690415
0.00722353
-0.00059368
-0.0724486
0.0335666
-0.00766169
0.00537783
-0.0105136
0.00279693
0.175623
0.15136
-0.0610682
-0.035039
-0.0219321
0.000207103
0.280431
-0.134392
0.0862678
0.0566963
0.0468909
-0.0132291
0.264881
0.159633
0.0153686
-0.193165
-0.1741
0.0139828
0.913175
0.430231
-0.31509
-0.269314
0.157103
0.00233388
0.304996
-0.793804
0.0718493
0.733571
0.155433
-0.0821417
-2.39165
-1.18475
0.475998
0.295228
-0.271718
-0.025299
-3.36034
0.38862
0.0702571
-0.525534
0.143664
0.121989
-0.78324
1.44393
-0.382514
0.258066
0.060307
0.0980277
2.07102
0.588445
-0.178596
0.330433
-0.236443
-0.0558281
2.4302
-0.491158
0.149859
-0.321612
0.044826
-0.0991681
1.24979
-0.46924
0.0763012
-0.370878
0.105395
-0.0220564
0.179015
-0.182808
-0.0123653
-0.10664
0.010069
0.0205546
-0.396376
-0.0697408
0.0166584
0.0365054
-0.0273574
0.0179353
-0.485735
0.0532479
-0.00275132
0.0201704
-0.000436591
0.0147288
-0.275254
0.0907757
-0.0212924
0.0659936
0.0134549
0.00583793
-0.0883313
0.0275278
-0.0054505
0.0689894
-0.0190401
-0.00449052
-0.0589265
-0.0268711
0.0132665
0.00465381
0.00255236
-0.00524096
-0.0825897
-0.00359033
0.00282236
0.00195228
0.00607603
0.000483749
-0.0620964
0.0172196
-0.00710766
0.012958
-0.00187903
0.00161594
-0.0403453
-0.00287538
0.00607145
0.0163243
-0.00147802
-0.000604268
0.0547101
0.0640455
0.004814
-0.0257395
-0.0160801
0.00183058
0.19624
-0.0465517
-0.0142236
-0.115151
0.00740944
-0.0108908
-0.0621454
-0.206711
0.141372
0.0268898
0.0670987
-0.00520634
0.26787
0.565883
-0.169193
-0.12302
-0.158348
0.0455606
0.795775
-0.155844
-0.181472
-0.471756
0.0068713
-0.0675537
-0.987539
-1.2255
0.300714
0.542435
0.265493
-0.0752877
-2.10447
0.527502
-0.0677345
1.25351
-0.114628
0.149106
-0.201328
1.16707
-0.18606
0.0946869
-0.153921
0.0792483
1.28756
-0.234634
0.231903
-0.78352
0.0878523
-0.109478
0.99059
-0.502006
0.100044
-0.540097
0.0217974
-0.0533306
0.32738
-0.0340559
-0.119684
-0.161873
-0.0335323
0.0234568
-0.0156895
0.0467134
-0.0704727
0.00319778
0.00218775
0.0108019
-0.177825
-0.0523498
0.0142828
0.0930744
0.0232599
-0.0013895
-0.224403
0.0278022
0.00660103
0.129445
-0.00281214
0.0094307
-0.0796112
0.0796296
-0.0148939
0.0454349
-0.0126891
0.00568917
0.0118982
-0.0256085
0.0170653
-0.0101497
0.00885181
-0.00779165
-0.0224034
-0.0298836
0.00864456
0.0149646
0.00144035
-0.00201126
-0.0392584
0.0149188
-0.00778793
0.0239364
-0.00381136
0.00351053
-0.0213438
0.0140483
-0.00196833
0.0113762
-0.000836754
0.000570069
-0.00658178
-0.00881932
0.00402284
0.00297735
0.00253128
-0.00154591
