0.0249999999979058,0.0249999999979058,-0.342787
0.0249999999979058,0.075,-0.448499
0.0249999999979058,0.125,0.257602
0.0249999999979058,0.175,21.673155
0.0249999999979058,0.225,-231.922387
0.0249999999979058,0.275,975.618721
0.0249999999979058,0.325,-18604.202733
0.0249999999979058,0.375,6317.156537
0.0249999999979058,0.425,212571.329644
0.0249999999979058,0.475,-340889.817531
0.0249999999979058,0.525,14512344.730515
0.0249999999979058,0.575,-306969.612971
0.0249999999979058,0.625,97785291.645561
0.0249999999979058,0.675,16825316.384773
0.0249999999979058,0.725,-199970867.269827
0.0249999999979058,0.775,-922317174.734137
0.0249999999979058,0.825,2141661959.546801
0.0249999999979058,0.875,-9361155724.050516
0.0249999999979058,0.925,65755750839.786194
0.0249999999979058,0.975000000062809,9278607379.624342
0.075,0.0249999999979058,-0.467204
0.075,0.075,-0.937704
0.075,0.125,28.504190
0.075,0.175,20.644593
0.075,0.225,436.083567
0.075,0.275,1073.379108
0.075,0.325,-20424.503094
0.075,0.375,-718.448868
0.075,0.425,-266392.865466
0.075,0.475,-846043.808302
0.075,0.525,10108449.839793
0.075,0.575,-3121237.393654
0.075,0.625,71371427.614198
0.075,0.675,98566789.799525
0.075,0.725,-1046516581.754684
0.075,0.775,-555169427.042900
0.075,0.825,1026507102.524391
0.075,0.875,-8086685335.516602
0.075,0.925,98097426556.221313
0.075,0.97500000006281,90974413447.861984
0.125,0.0249999999979058,-0.836397
0.125,0.075,-0.822692
0.125,0.125,34.811906
0.125,0.175,-34.261081
0.125,0.225,734.154978
0.125,0.275,114.515914
0.125,0.325,-18971.635759
0.125,0.375,11006.343986
0.125,0.425,-848857.602197
0.125,0.475,-472437.915197
0.125,0.525,-5620369.927821
0.125,0.575,-213205.430718
0.125,0.625,18558769.132326
0.125,0.675,134030424.889380
0.125,0.725,-1299370023.849896
0.125,0.775,-85951590.300247
0.125,0.825,-1914740124.824879
0.125,0.875,-1864182382.048623
0.125,0.925,87085867548.924850
0.125,0.97500000006281,141439036839.525604
0.175,0.0249999999979058,0.406116
0.175,0.075,-0.896125
0.175,0.125,-62.957393
0.175,0.175,-23.457709
0.175,0.225,-170.039680
0.175,0.275,-1125.998081
0.175,0.325,37812.623601
0.175,0.375,7896.144042
0.175,0.425,-2548.005839
0.175,0.475,511104.831264
0.175,0.525,-6188899.753018
0.175,0.575,6700154.864163
0.175,0.625,-52632903.038593
0.175,0.675,16129607.829141
0.175,0.725,-264296459.198717
0.175,0.775,-456609241.347346
0.175,0.825,-1845099738.699054
0.175,0.875,-4800459396.287990
0.175,0.925,53650851660.566994
0.175,0.97500000006281,24819202414.585377
0.225,0.0249999999979058,0.241225
0.225,0.075,0.747121
0.225,0.125,-65.083543
0.225,0.175,62.552593
0.225,0.225,-1157.287883
0.225,0.275,-1301.397455
0.225,0.325,49372.955532
0.225,0.375,9839.729793
0.225,0.425,1236801.978234
0.225,0.475,586106.247284
0.225,0.525,6147671.900026
0.225,0.575,-4723819.031211
0.225,0.625,-60297562.740482
0.225,0.675,-97044805.964121
0.225,0.725,390771499.676273
0.225,0.775,57962813.424851
0.225,0.825,-1112982997.617970
0.225,0.875,-2348625300.691060
0.225,0.925,-33133748349.049435
0.225,0.97500000006281,-96142355610.810135
0.275,0.0249999999979058,-0.226315
0.275,0.075,2.746620
0.275,0.125,83.504989
0.275,0.175,-51.065656
0.275,0.225,-2426.463500
0.275,0.275,-1154.680606
0.275,0.325,-7590.217301
0.275,0.375,-552.064229
0.275,0.425,782089.713785
0.275,0.475,386502.796180
0.275,0.525,-1999491.995571
0.275,0.575,-1101094.933923
0.275,0.625,-9570868.097351
0.275,0.675,-105077732.375855
0.275,0.725,1433073699.601809
0.275,0.775,751831459.695395
0.275,0.825,-2214575872.786676
0.275,0.875,5067961143.764434
0.275,0.925,-114913378686.941360
0.275,0.975000000062809,-125270376089.969788
0.325,0.0249999999979058,2.234055
0.325,0.075,-2.505253
0.325,0.125,-56.115745
0.325,0.175,82.572435
0.325,0.225,284.114088
0.325,0.275,-663.339888
0.325,0.325,-12276.372759
0.325,0.375,-70151.059771
0.325,0.425,-828760.556061
0.325,0.475,124635.138782
0.325,0.525,-12776896.753485
0.325,0.575,7127454.075237
0.325,0.625,-23967217.159358
0.325,0.675,-34934296.057184
0.325,0.725,1717198415.964364
0.325,0.775,1234290573.835521
0.325,0.825,-2652081926.192451
0.325,0.875,12673481166.198143
0.325,0.925,-128438175788.943619
0.325,0.97500000006281,-43311893966.337517
0.375,0.0249999999979058,0.260876
0.375,0.075,-3.922996
0.375,0.125,34.462675
0.375,0.175,215.489700
0.375,0.225,469.794596
0.375,0.275,1100.757993
0.375,0.325,-32467.577385
0.375,0.375,21371.844891
0.375,0.425,-68688.802255
0.375,0.475,-339454.684479
0.375,0.525,1001266.581530
0.375,0.575,-19724019.947913
0.375,0.625,-2084203.523113
0.375,0.675,-26614481.386218
0.375,0.725,8920513.366617
0.375,0.775,1256580256.463017
0.375,0.825,-1914416201.706778
0.375,0.875,9802327673.003511
0.375,0.925,-28906940373.877308
0.375,0.975000000062809,69770821443.226807
0.425,0.0249999999979058,0.055672
0.425,0.075,0.112374
0.425,0.125,7.880636
0.425,0.175,5.317447
0.425,0.225,-406.687334
0.425,0.275,1140.576888
0.425,0.325,-18869.964311
0.425,0.375,13819.746399
0.425,0.425,212575.570713
0.425,0.475,-299069.210415
0.425,0.525,13980825.388463
0.425,0.575,-646220.239444
0.425,0.625,100253169.399662
0.425,0.675,11360017.671140
0.425,0.725,-198516448.708530
0.425,0.775,-943754423.193109
0.425,0.825,2593731896.251362
0.425,0.875,-9794039574.108099
0.425,0.925,70751105922.663818
0.425,0.97500000006281,14309371480.682272
0.475,0.0249999999979058,-0.044728
0.475,0.075,0.305372
0.475,0.125,18.838632
0.475,0.175,7.942919
0.475,0.225,342.435788
0.475,0.275,694.382828
0.475,0.325,-12351.579603
0.475,0.375,-14526.371112
0.475,0.425,-223938.960867
0.475,0.475,-649817.422502
0.475,0.525,9118999.490686
0.475,0.575,3846207.712085
0.475,0.625,57212181.725172
0.475,0.675,101544967.039209
0.475,0.725,-1028535360.477668
0.475,0.775,-761220367.653787
0.475,0.825,888836580.642606
0.475,0.875,-11047936449.672562
0.475,0.925,104739994436.380066
0.475,0.97500000006281,62842493979.979301
0.525,0.0249999999979058,0.431031
0.525,0.075,0.040143
0.525,0.125,16.126480
0.525,0.175,14.534856
0.525,0.225,1042.387214
0.525,0.275,-570.627844
0.525,0.325,-25853.895011
0.525,0.375,-25674.393912
0.525,0.425,-743490.307785
0.525,0.475,-526540.918448
0.525,0.525,-1138038.189002
0.525,0.575,5794240.432377
0.525,0.625,13423429.081053
0.525,0.675,134703588.317610
0.525,0.725,-1477343694.481942
0.525,0.775,-14554702.926175
0.525,0.825,-4370387172.995549
0.525,0.875,-2490971343.235241
0.525,0.925,61979745713.408569
0.525,0.975000000062809,100806214265.650406
0.575,0.0249999999979058,-0.224099
0.575,0.075,0.003143
0.575,0.125,-19.545146
0.575,0.175,6.770747
0.575,0.225,-984.828010
0.575,0.275,-195.290525
0.575,0.325,-9861.000217
0.575,0.375,-4691.064983
0.575,0.425,-38045.998171
0.575,0.475,-36209.460884
0.575,0.525,2906872.603351
0.575,0.575,2452350.726596
0.575,0.625,-1606162.190968
0.575,0.675,51807518.132313
0.575,0.725,-279823373.157506
0.575,0.775,216489206.977294
0.575,0.825,-2747025988.204571
0.575,0.875,415867985.613369
0.575,0.925,8408818410.823705
0.575,0.975000000062809,28436339666.259274
0.625,0.0249999999979058,0.244101
0.625,0.075,0.754059
0.625,0.125,-65.146386
0.625,0.175,62.631991
0.625,0.225,-1157.939062
0.625,0.275,-1303.402189
0.625,0.325,49383.570963
0.625,0.375,9557.774612
0.625,0.425,1237266.492686
0.625,0.475,586204.875241
0.625,0.525,6151894.561529
0.625,0.575,-4644770.432525
0.625,0.625,-60397080.648813
0.625,0.675,-96758104.557917
0.625,0.725,390946473.135839
0.625,0.775,56579770.931892
0.625,0.825,-1113531077.548203
0.625,0.875,-2373811553.585070
0.625,0.925,-33175990656.414719
0.625,0.97500000006281,-96409050992.901108
0.675,0.0249999999979058,-0.205729
0.675,0.075,2.680534
0.675,0.125,83.326669
0.675,0.175,-49.640362
0.675,0.225,-2430.178060
0.675,0.275,-1144.453636
0.675,0.325,-7824.690172
0.675,0.375,-352.143230
0.675,0.425,783485.816895
0.675,0.475,379009.748790
0.675,0.525,-1910299.881812
0.675,0.575,-1327043.348599
0.675,0.625,-9595879.522848
0.675,0.675,-104635616.995649
0.675,0.725,1431992210.625220
0.675,0.775,758667411.783575
0.675,0.825,-2245383919.687336
0.675,0.875,5191493858.668761
0.675,0.925,-115338867747.362167
0.675,0.975000000062809,-124346933023.888199
0.725,0.0249999999979058,2.202343
0.725,0.075,-2.492032
0.725,0.125,-55.680415
0.725,0.175,81.127737
0.725,0.225,290.465751
0.725,0.275,-659.890191
0.725,0.325,-12101.906805
0.725,0.375,-69164.475297
0.725,0.425,-832052.336621
0.725,0.475,129426.303889
0.725,0.525,-12889882.850544
0.725,0.575,7006714.833751
0.725,0.625,-23635942.069849
0.725,0.675,-35866260.825381
0.725,0.725,1717682435.840837
0.725,0.775,1233145382.483385
0.725,0.825,-2613654771.261332
0.725,0.875,12660923554.888428
0.725,0.925,-127913874612.211548
0.725,0.97500000006281,-42609438260.238304
0.775,0.0249999999979058,0.199285
0.775,0.075,-3.726290
0.775,0.125,34.861557
0.775,0.175,211.194515
0.775,0.225,480.211267
0.775,0.275,1067.074045
0.775,0.325,-31571.924617
0.775,0.375,20493.754200
0.775,0.425,-71880.155325
0.775,0.475,-315990.086208
0.775,0.525,703756.911270
0.775,0.575,-18974472.906449
0.775,0.625,-2304583.960257
0.775,0.675,-27719607.941538
0.775,0.725,13271645.308858
0.775,0.775,1232307541.515625
0.775,0.825,-1812801441.266154
0.775,0.875,9406323966.601355
0.775,0.925,-27513839943.415070
0.775,0.97500000006281,66712555257.788948
0.825,0.0249999999979058,0.650000
0.825,0.075,0.551812
0.825,0.125,13.270124
0.825,0.175,-2.091083
0.825,0.225,-611.553495
0.825,0.275,1296.370883
0.825,0.325,-20448.710123
0.825,0.375,17227.307251
0.825,0.425,227428.922597
0.825,0.475,-293228.631394
0.825,0.525,14222502.091506
0.825,0.575,-957625.679106
0.825,0.625,102489176.108771
0.825,0.675,8648157.560985
0.825,0.725,-206493779.212196
0.825,0.775,-932006168.349225
0.825,0.825,2591303244.505800
0.825,0.875,-9933002992.049273
0.825,0.925,71936088068.989365
0.825,0.97500000006281,16301727853.954557
0.875,0.0249999999979058,0.450925
0.875,0.075,0.924246
0.875,0.125,9.717612
0.875,0.175,6.174879
0.875,0.225,241.843766
0.875,0.275,458.885649
0.875,0.325,-6795.815235
0.875,0.375,-23381.609334
0.875,0.425,-185075.679573
0.875,0.475,-530454.142757
0.875,0.525,8726977.623627
0.875,0.575,8005572.536748
0.875,0.625,45670732.812743
0.875,0.675,108504607.526004
0.875,0.725,-1024130261.645759
0.875,0.775,-899196456.046699
0.875,0.825,539697424.348221
0.875,0.875,-12875542166.282104
0.875,0.925,108804150406.101685
0.875,0.97500000006281,46276874182.065636
0.925,0.0249999999979058,0.646095
0.925,0.075,0.608791
0.925,0.125,8.912419
0.925,0.175,29.937089
0.925,0.225,1545.001955
0.925,0.275,-1053.321652
0.925,0.325,-23190.684239
0.925,0.375,-36762.041127
0.925,0.425,-723345.231726
0.925,0.475,-506130.972102
0.925,0.525,-930375.342954
0.925,0.575,7655276.722475
0.925,0.625,13249328.735000
0.925,0.675,127187236.490669
0.925,0.725,-1611329936.799852
0.925,0.775,-76236421.801156
0.925,0.825,-5331145792.892961
0.925,0.875,-3667815988.780275
0.925,0.925,56484303879.127525
0.925,0.975000000062809,85153719915.778610
0.97500000006281,0.0249999999979058,-0.672395
0.97500000006281,0.075,0.979806
0.97500000006281,0.125,22.362837
0.97500000006281,0.175,43.289487
0.97500000006281,0.225,-1877.087405
0.97500000006281,0.275,733.140589
0.97500000006281,0.325,-59690.987387
0.97500000006281,0.375,-21871.247566
0.97500000006281,0.425,-44937.706730
0.97500000006281,0.475,-595775.178165
0.975000000062809,0.525,12987752.003095
0.975000000062809,0.575,-1127756.224026
0.975000000062809,0.625,50182408.457294
0.975000000062809,0.675,88135263.168562
0.975000000062809,0.725,-264659713.684162
0.975000000062809,0.775,933273607.362704
0.975000000062809,0.825,-3792515534.117720
0.975000000062809,0.875,5808519973.171885
0.975000000062809,0.925,-41856457960.449707
0.97500000006281,0.975000000062809,25155173324.269073
