0.0249999999979058,0.0249999999979058,0.000065
0.0249999999979058,0.075,0.000378
0.0249999999979058,0.125,0.001125
0.0249999999979058,0.175,0.002300
0.0249999999979058,0.225,0.003721
0.0249999999979058,0.275,0.005073
0.0249999999979058,0.325,0.005994
0.0249999999979058,0.375,0.006165
0.0249999999979058,0.425,0.005401
0.0249999999979058,0.475,0.003701
0.0249999999979058,0.525,0.001272
0.0249999999979058,0.575,-0.001486
0.0249999999979058,0.625,-0.004072
0.0249999999979058,0.675,-0.006014
0.0249999999979058,0.725,-0.006950
0.0249999999979058,0.775,-0.006658
0.0249999999979058,0.825,-0.005202
0.0249999999979058,0.875,-0.003095
0.0249999999979058,0.925,-0.001208
0.0249999999979058,0.975,-0.000353
0.0249999999979058,1.025,-0.000858
0.0249999999979058,1.075,-0.002452
0.0249999999979058,1.125,-0.004461
0.0249999999979058,1.175,-0.006139
0.0249999999979058,1.225,-0.006919
0.0249999999979058,1.275,-0.006530
0.0249999999979058,1.325,-0.005004
0.0249999999979058,1.375,-0.002639
0.0249999999979058,1.425,0.000096
0.0249999999979058,1.475,0.002696
0.0249999999979058,1.525,0.004735
0.0249999999979058,1.575,0.005927
0.0249999999979058,1.625,0.006148
0.0249999999979058,1.675,0.005488
0.0249999999979058,1.725,0.004255
0.0249999999979058,1.775,0.002865
0.0249999999979058,1.825,0.001664
0.0249999999979058,1.875,0.000799
0.0249999999979058,1.925,0.000252
0.0249999999979058,1.975,-0.000036
0.0249999999979058,2.025,-0.000047
0.0249999999979058,2.075,0.000307
0.0249999999979058,2.125,0.001095
0.0249999999979058,2.175,0.002287
0.0249999999979058,2.225,0.003716
0.0249999999979058,2.275,0.005087
0.0249999999979058,2.325,0.006028
0.0249999999979058,2.375,0.006199
0.0249999999979058,2.425,0.005421
0.0249999999979058,2.475,0.003732
0.0249999999979058,2.525,0.001352
0.0249999999979058,2.575,-0.001386
0.0249999999979058,2.625,-0.004049
0.0249999999979058,2.675,-0.006107
0.0249999999979058,2.725,-0.007050
0.0249999999979058,2.775,-0.006617
0.0249999999979058,2.825,-0.005015
0.0249999999979058,2.875,-0.002912
0.0249999999979058,2.925,-0.001166
0.0249999999979058,2.975,-0.000453
0.0249999999979058,3.025,-0.001000
0.0249999999979058,3.075,-0.002545
0.0249999999979058,3.125,-0.004486
0.0249999999979058,3.175,-0.006120
0.0249999999979058,3.225,-0.006885
0.0249999999979058,3.275,-0.006501
0.0249999999979058,3.325,-0.005008
0.0249999999979058,3.375,-0.002691
0.0249999999979058,3.425,0.000020
0.0249999999979058,3.475,0.002643
0.0249999999979058,3.525,0.004716
0.0249999999979058,3.575,0.005898
0.0249999999979058,3.625,0.006076
0.0249999999979058,3.675,0.005405
0.0249999999979058,3.725,0.004232
0.0249999999979058,3.775,0.002938
0.0249999999979058,3.825,0.001788
0.0249999999979058,3.875,0.000897
0.0249999999979058,3.925,0.000280
0.0249999999979058,3.975,-0.000067
0.0249999999979058,4.025,-0.000109
0.0249999999979058,4.075,0.000235
0.0249999999979058,4.125,0.001037
0.0249999999979058,4.175,0.002269
0.0249999999979058,4.225,0.003741
0.0249999999979058,4.275,0.005117
0.0249999999979058,4.325,0.006026
0.0249999999979058,4.375,0.006185
0.0249999999979058,4.425,0.005458
0.0249999999979058,4.475,0.003842
0.0249999999979058,4.525,0.001470
0.0249999999979058,4.575,-0.001355
0.0249999999979058,4.625,-0.004122
0.0249999999979058,4.675,-0.006200
0.0249999999979058,4.725,-0.007054
0.0249999999979058,4.775,-0.006505
0.0249999999979058,4.825,-0.004857
0.0249999999979058,4.875,-0.002802
0.0249999999979058,4.925,-0.001154
0.0249999999979058,4.97499999992403,-0.000526
0.075,0.0249999999979058,0.000424
0.075,0.075,0.001289
0.075,0.125,0.002966
0.075,0.175,0.005422
0.075,0.225,0.008297
0.075,0.275,0.010969
0.075,0.325,0.012718
0.075,0.375,0.012915
0.075,0.425,0.011198
0.075,0.475,0.007588
0.075,0.525,0.002531
0.075,0.575,-0.003163
0.075,0.625,-0.008498
0.075,0.675,-0.012496
0.075,0.725,-0.014382
0.075,0.775,-0.013802
0.075,0.825,-0.011054
0.075,0.875,-0.007196
0.075,0.925,-0.003771
0.075,0.975,-0.002178
0.075,1.025,-0.003035
0.075,1.075,-0.005934
0.075,1.125,-0.009692
0.075,1.175,-0.012890
0.075,1.225,-0.014371
0.075,1.275,-0.013534
0.075,1.325,-0.010407
0.075,1.375,-0.005565
0.075,1.425,0.000073
0.075,1.475,0.005488
0.075,1.525,0.009784
0.075,1.575,0.012345
0.075,1.625,0.012939
0.075,1.675,0.011768
0.075,1.725,0.009416
0.075,1.775,0.006638
0.075,1.825,0.004086
0.075,1.875,0.002122
0.075,1.925,0.000833
0.075,1.975,0.000203
0.075,2.025,0.000266
0.075,2.075,0.001133
0.075,2.125,0.002874
0.075,2.175,0.005384
0.075,2.225,0.008296
0.075,2.275,0.011002
0.075,2.325,0.012775
0.075,2.375,0.012979
0.075,2.425,0.011267
0.075,2.475,0.007692
0.075,2.525,0.002681
0.075,2.575,-0.003032
0.075,2.625,-0.008483
0.075,2.675,-0.012597
0.075,2.725,-0.014462
0.075,2.775,-0.013704
0.075,2.825,-0.010781
0.075,2.875,-0.006922
0.075,2.925,-0.003679
0.075,2.975,-0.002302
0.075,3.025,-0.003262
0.075,3.075,-0.006122
0.075,3.125,-0.009773
0.075,3.175,-0.012877
0.075,3.225,-0.014316
0.075,3.275,-0.013495
0.075,3.325,-0.010429
0.075,3.375,-0.005657
0.075,3.425,-0.000052
0.075,3.475,0.005380
0.075,3.525,0.009700
0.075,3.575,0.012248
0.075,3.625,0.012808
0.075,3.675,0.011652
0.075,3.725,0.009400
0.075,3.775,0.006758
0.075,3.825,0.004288
0.075,3.875,0.002298
0.075,3.925,0.000907
0.075,3.975,0.000163
0.075,4.025,0.000150
0.075,4.075,0.000995
0.075,4.125,0.002768
0.075,4.175,0.005344
0.075,4.225,0.008314
0.075,4.275,0.011033
0.075,4.325,0.012790
0.075,4.375,0.013008
0.075,4.425,0.011371
0.075,4.475,0.007874
0.075,4.525,0.002853
0.075,4.575,-0.002980
0.075,4.625,-0.008563
0.075,4.675,-0.012698
0.075,4.725,-0.014443
0.075,4.775,-0.013522
0.075,4.825,-0.010523
0.075,4.875,-0.006727
0.075,4.925,-0.003640
0.075,4.97499999992403,-0.002417
0.125,0.0249999999979058,0.001469
0.125,0.075,0.003004
0.125,0.125,0.005576
0.125,0.175,0.008959
0.125,0.225,0.012673
0.125,0.275,0.015949
0.125,0.325,0.017901
0.125,0.375,0.017764
0.125,0.425,0.015117
0.125,0.475,0.010040
0.125,0.525,0.003158
0.125,0.575,-0.004482
0.125,0.625,-0.011592
0.125,0.675,-0.016876
0.125,0.725,-0.019367
0.125,0.775,-0.018805
0.125,0.825,-0.015814
0.125,0.875,-0.011727
0.125,0.925,-0.008144
0.125,0.975,-0.006427
0.125,1.025,-0.007239
0.125,1.075,-0.010278
0.125,1.125,-0.014377
0.125,1.175,-0.017942
0.125,1.225,-0.019522
0.125,1.275,-0.018264
0.125,1.325,-0.014105
0.125,1.375,-0.007699
0.125,1.425,-0.000171
0.125,1.475,0.007167
0.125,1.525,0.013108
0.125,1.575,0.016810
0.125,1.625,0.017979
0.125,1.675,0.016874
0.125,1.725,0.014151
0.125,1.775,0.010631
0.125,1.825,0.007092
0.125,1.875,0.004121
0.125,1.925,0.002078
0.125,1.975,0.001138
0.125,2.025,0.001380
0.125,2.075,0.002828
0.125,2.125,0.005415
0.125,2.175,0.008878
0.125,2.225,0.012670
0.125,2.275,0.015991
0.125,2.325,0.017966
0.125,2.375,0.017858
0.125,2.425,0.015262
0.125,2.475,0.010225
0.125,2.525,0.003315
0.125,2.575,-0.004410
0.125,2.625,-0.011584
0.125,2.675,-0.016854
0.125,2.725,-0.019279
0.125,2.775,-0.018651
0.125,2.825,-0.015621
0.125,2.875,-0.011540
0.125,2.925,-0.008039
0.125,2.975,-0.006468
0.125,3.025,-0.007413
0.125,3.075,-0.010491
0.125,3.125,-0.014525
0.125,3.175,-0.017987
0.125,3.225,-0.019506
0.125,3.275,-0.018260
0.125,3.325,-0.014154
0.125,3.375,-0.007796
0.125,3.425,-0.000298
0.125,3.475,0.007011
0.125,3.525,0.012925
0.125,3.575,0.016626
0.125,3.625,0.017836
0.125,3.675,0.016807
0.125,3.725,0.014176
0.125,3.775,0.010746
0.125,3.825,0.007267
0.125,3.875,0.004299
0.125,3.925,0.002184
0.125,3.975,0.001126
0.125,4.025,0.001265
0.125,4.075,0.002677
0.125,4.125,0.005295
0.125,4.175,0.008809
0.125,4.225,0.012639
0.125,4.275,0.015996
0.125,4.325,0.018026
0.125,4.375,0.017987
0.125,4.425,0.015435
0.125,4.475,0.010394
0.125,4.525,0.003437
0.125,4.575,-0.004349
0.125,4.625,-0.011563
0.125,4.675,-0.016827
0.125,4.725,-0.019193
0.125,4.775,-0.018481
0.125,4.825,-0.015399
0.125,4.875,-0.011352
0.125,4.925,-0.007971
0.125,4.97499999992403,-0.006547
0.175,0.0249999999979058,0.003693
0.175,0.075,0.005758
0.175,0.125,0.008991
0.175,0.175,0.012821
0.175,0.225,0.016611
0.175,0.275,0.019610
0.175,0.325,0.021003
0.175,0.375,0.020112
0.175,0.425,0.016615
0.175,0.475,0.010690
0.175,0.525,0.003028
0.175,0.575,-0.005272
0.175,0.625,-0.012866
0.175,0.675,-0.018479
0.175,0.725,-0.021318
0.175,0.775,-0.021393
0.175,0.825,-0.019480
0.175,0.875,-0.016754
0.175,0.925,-0.014367
0.175,0.975,-0.013185
0.175,1.025,-0.013656
0.175,1.075,-0.015681
0.175,1.125,-0.018538
0.175,1.175,-0.021025
0.175,1.225,-0.021851
0.175,1.275,-0.020104
0.175,1.325,-0.015559
0.175,1.375,-0.008710
0.175,1.425,-0.000599
0.175,1.475,0.007458
0.175,1.525,0.014206
0.175,1.575,0.018754
0.175,1.625,0.020752
0.175,1.675,0.020362
0.175,1.725,0.018086
0.175,1.775,0.014599
0.175,1.825,0.010661
0.175,1.875,0.007045
0.175,1.925,0.004426
0.175,1.975,0.003257
0.175,2.025,0.003700
0.175,2.075,0.005659
0.175,2.125,0.008827
0.175,2.175,0.012697
0.175,2.225,0.016575
0.175,2.275,0.019639
0.175,2.325,0.021081
0.175,2.375,0.020256
0.175,2.425,0.016822
0.175,2.475,0.010892
0.175,2.525,0.003137
0.175,2.575,-0.005239
0.175,2.625,-0.012791
0.175,2.675,-0.018281
0.175,2.725,-0.021061
0.175,2.775,-0.021209
0.175,2.825,-0.019413
0.175,2.875,-0.016728
0.175,2.925,-0.014311
0.175,2.975,-0.013130
0.175,3.025,-0.013685
0.175,3.075,-0.015816
0.175,3.125,-0.018714
0.175,3.175,-0.021168
0.175,3.225,-0.021944
0.175,3.275,-0.020175
0.175,3.325,-0.015631
0.175,3.375,-0.008795
0.175,3.425,-0.000726
0.175,3.475,0.007257
0.175,3.525,0.013949
0.175,3.575,0.018524
0.175,3.625,0.020631
0.175,3.675,0.020361
0.175,3.725,0.018150
0.175,3.775,0.014679
0.175,3.825,0.010752
0.175,3.875,0.007151
0.175,3.925,0.004519
0.175,3.975,0.003286
0.175,4.025,0.003650
0.175,4.075,0.005560
0.175,4.125,0.008713
0.175,4.175,0.012588
0.175,4.225,0.016493
0.175,4.275,0.019637
0.175,4.325,0.021199
0.175,4.375,0.020461
0.175,4.425,0.017018
0.175,4.475,0.011006
0.175,4.525,0.003196
0.175,4.575,-0.005149
0.175,4.625,-0.012625
0.175,4.675,-0.018076
0.175,4.725,-0.020884
0.175,4.775,-0.021083
0.175,4.825,-0.019311
0.175,4.875,-0.016632
0.175,4.925,-0.014240
0.175,4.97499999992403,-0.013120
0.225,0.0249999999979058,0.007487
0.225,0.075,0.009684
0.225,0.125,0.013007
0.225,0.175,0.016640
0.225,0.225,0.019753
0.225,0.275,0.021664
0.225,0.325,0.021822
0.225,0.375,0.019855
0.225,0.425,0.015686
0.225,0.475,0.009603
0.225,0.525,0.002265
0.225,0.575,-0.005353
0.225,0.625,-0.012163
0.225,0.675,-0.017318
0.225,0.725,-0.020510
0.225,0.775,-0.021989
0.225,0.825,-0.022324
0.225,0.875,-0.022117
0.225,0.925,-0.021798
0.225,0.975,-0.021596
0.225,1.025,-0.021621
0.225,1.075,-0.021909
0.225,1.125,-0.022327
0.225,1.175,-0.022451
0.225,1.225,-0.021612
0.225,1.275,-0.019148
0.225,1.325,-0.014709
0.225,1.375,-0.008460
0.225,1.425,-0.001079
0.225,1.475,0.006443
0.225,1.525,0.013108
0.225,1.575,0.018148
0.225,1.625,0.021132
0.225,1.675,0.021959
0.225,1.725,0.020809
0.225,1.775,0.018117
0.225,1.825,0.014553
0.225,1.875,0.010964
0.225,1.925,0.008222
0.225,1.975,0.006989
0.225,2.025,0.007538
0.225,2.075,0.009700
0.225,2.125,0.012940
0.225,2.175,0.016521
0.225,2.225,0.019666
0.225,2.275,0.021663
0.225,2.325,0.021926
0.225,2.375,0.020045
0.225,2.425,0.015889
0.225,2.475,0.009742
0.225,2.525,0.002341
0.225,2.575,-0.005247
0.225,2.625,-0.011943
0.225,2.675,-0.017003
0.225,2.725,-0.020211
0.225,2.775,-0.021820
0.225,2.825,-0.022315
0.225,2.875,-0.022184
0.225,2.925,-0.021818
0.225,2.975,-0.021524
0.225,3.025,-0.021529
0.225,3.075,-0.021906
0.225,3.125,-0.022458
0.225,3.175,-0.022673
0.225,3.225,-0.021841
0.225,3.275,-0.019319
0.225,3.325,-0.014819
0.225,3.375,-0.008561
0.225,3.425,-0.001235
0.225,3.475,0.006216
0.225,3.525,0.012857
0.225,3.575,0.017952
0.225,3.625,0.021045
0.225,3.675,0.021972
0.225,3.725,0.020863
0.225,3.775,0.018155
0.225,3.825,0.014562
0.225,3.875,0.010972
0.225,3.925,0.008254
0.225,3.975,0.007044
0.225,4.025,0.007581
0.225,4.075,0.009687
0.225,4.125,0.012854
0.225,4.175,0.016397
0.225,4.225,0.019583
0.225,4.275,0.021691
0.225,4.325,0.022069
0.225,4.375,0.020233
0.225,4.425,0.016038
0.225,4.475,0.009824
0.225,4.525,0.002419
0.225,4.575,-0.005083
0.225,4.625,-0.011665
0.225,4.675,-0.016683
0.225,4.725,-0.019965
0.225,4.775,-0.021714
0.225,4.825,-0.022315
0.225,4.875,-0.022198
0.225,4.925,-0.021778
0.225,4.97499999992403,-0.021439
0.275,0.0249999999979058,0.012943
0.275,0.075,0.014734
0.275,0.125,0.017338
0.275,0.175,0.019943
0.275,0.225,0.021689
0.275,0.275,0.021963
0.275,0.325,0.020518
0.275,0.375,0.017399
0.275,0.425,0.012847
0.275,0.475,0.007268
0.275,0.525,0.001228
0.275,0.575,-0.004630
0.275,0.625,-0.009815
0.275,0.675,-0.014202
0.275,0.725,-0.017990
0.275,0.775,-0.021439
0.275,0.825,-0.024622
0.275,0.875,-0.027367
0.275,0.925,-0.029350
0.275,0.975,-0.030239
0.275,1.025,-0.029848
0.275,1.075,-0.028260
0.275,1.125,-0.025815
0.275,1.175,-0.022913
0.275,1.225,-0.019754
0.275,1.275,-0.016226
0.275,1.325,-0.012056
0.275,1.375,-0.007082
0.275,1.425,-0.001415
0.275,1.475,0.004575
0.275,1.525,0.010389
0.275,1.575,0.015488
0.275,1.625,0.019355
0.275,1.675,0.021580
0.275,1.725,0.021993
0.275,1.775,0.020768
0.275,1.825,0.018423
0.275,1.875,0.015727
0.275,1.925,0.013521
0.275,1.975,0.012499
0.275,2.025,0.012986
0.275,2.075,0.014819
0.275,2.125,0.017396
0.275,2.175,0.019909
0.275,2.225,0.021609
0.275,2.275,0.021951
0.275,2.325,0.020627
0.275,2.375,0.017565
0.275,2.425,0.012972
0.275,2.475,0.007345
0.275,2.525,0.001358
0.275,2.575,-0.004370
0.275,2.625,-0.009467
0.275,2.675,-0.013877
0.275,2.725,-0.017760
0.275,2.775,-0.021313
0.275,2.825,-0.024589
0.275,2.875,-0.027407
0.275,2.925,-0.029401
0.275,2.975,-0.030217
0.275,3.025,-0.029740
0.275,3.075,-0.028164
0.275,3.125,-0.025860
0.275,3.175,-0.023132
0.275,3.225,-0.020055
0.275,3.275,-0.016492
0.275,3.325,-0.012255
0.275,3.375,-0.007261
0.275,3.425,-0.001617
0.275,3.475,0.004368
0.275,3.525,0.010221
0.275,3.575,0.015379
0.275,3.625,0.019294
0.275,3.675,0.021551
0.275,3.725,0.021981
0.275,3.775,0.020749
0.275,3.825,0.018375
0.275,3.875,0.015662
0.275,3.925,0.013492
0.275,3.975,0.012545
0.275,4.025,0.013079
0.275,4.075,0.014877
0.275,4.125,0.017372
0.275,4.175,0.019848
0.275,4.225,0.021593
0.275,4.275,0.022013
0.275,4.325,0.020728
0.275,4.375,0.017653
0.275,4.425,0.013048
0.275,4.475,0.007455
0.275,4.525,0.001542
0.275,4.575,-0.004104
0.275,4.625,-0.009147
0.275,4.675,-0.013556
0.275,4.725,-0.017511
0.275,4.775,-0.021196
0.275,4.825,-0.024602
0.275,4.875,-0.027465
0.275,4.925,-0.029399
0.275,4.97499999992403,-0.030126
0.325,0.0249999999979058,0.019744
0.325,0.075,0.020592
0.325,0.125,0.021669
0.325,0.175,0.022394
0.325,0.225,0.022159
0.325,0.275,0.020543
0.325,0.325,0.017537
0.325,0.375,0.013510
0.325,0.425,0.008985
0.325,0.475,0.004476
0.325,0.525,0.000370
0.325,0.575,-0.003244
0.325,0.625,-0.006676
0.325,0.675,-0.010485
0.325,0.725,-0.015124
0.325,0.775,-0.020618
0.325,0.825,-0.026480
0.325,0.875,-0.031854
0.325,0.925,-0.035808
0.325,0.975,-0.037606
0.325,1.025,-0.036883
0.325,1.075,-0.033754
0.325,1.125,-0.028839
0.325,1.175,-0.023110
0.325,1.225,-0.017525
0.325,1.275,-0.012668
0.325,1.325,-0.008605
0.325,1.375,-0.005014
0.325,1.425,-0.001426
0.325,1.475,0.002532
0.325,1.525,0.006954
0.325,1.575,0.011594
0.325,1.625,0.015937
0.325,1.675,0.019393
0.325,1.725,0.021542
0.325,1.775,0.022301
0.325,1.825,0.021943
0.325,1.875,0.020979
0.325,1.925,0.020000
0.325,1.975,0.019512
0.325,2.025,0.019774
0.325,2.075,0.020683
0.325,2.125,0.021793
0.325,2.175,0.022487
0.325,2.225,0.022195
0.325,2.275,0.020571
0.325,2.325,0.017591
0.325,2.375,0.013559
0.325,2.425,0.009024
0.325,2.475,0.004586
0.325,2.525,0.000629
0.325,2.575,-0.002868
0.325,2.625,-0.006307
0.325,2.675,-0.010224
0.325,2.725,-0.014976
0.325,2.775,-0.020524
0.325,2.825,-0.026400
0.325,2.875,-0.031806
0.325,2.925,-0.035812
0.325,2.975,-0.037624
0.325,3.025,-0.036855
0.325,3.075,-0.033690
0.325,3.125,-0.028831
0.325,3.175,-0.023238
0.325,3.225,-0.017785
0.325,3.275,-0.012994
0.325,3.325,-0.008937
0.325,3.375,-0.005312
0.325,3.425,-0.001658
0.325,3.475,0.002388
0.325,3.525,0.006890
0.325,3.575,0.011563
0.325,3.625,0.015886
0.325,3.675,0.019306
0.325,3.725,0.021440
0.325,3.775,0.022206
0.325,3.825,0.021851
0.325,3.875,0.020892
0.325,3.925,0.019946
0.325,3.975,0.019522
0.325,4.025,0.019839
0.325,4.075,0.020766
0.325,4.125,0.021872
0.325,4.175,0.022568
0.325,4.225,0.022279
0.325,4.275,0.020632
0.325,4.325,0.017601
0.325,4.375,0.013545
0.325,4.425,0.009071
0.325,4.475,0.004764
0.325,4.525,0.000927
0.325,4.575,-0.002528
0.325,4.625,-0.005999
0.325,4.675,-0.009974
0.325,4.725,-0.014782
0.325,4.775,-0.020393
0.325,4.825,-0.026343
0.325,4.875,-0.031806
0.325,4.925,-0.035818
0.325,4.97499999992403,-0.037592
0.375,0.0249999999979058,0.027172
0.375,0.075,0.026678
0.375,0.125,0.025647
0.375,0.175,0.023888
0.375,0.225,0.021257
0.375,0.275,0.017738
0.375,0.325,0.013533
0.375,0.375,0.009122
0.375,0.425,0.005139
0.375,0.475,0.002083
0.375,0.525,-0.000005
0.375,0.575,-0.001682
0.375,0.625,-0.003911
0.375,0.675,-0.007588
0.375,0.725,-0.013105
0.375,0.775,-0.020161
0.375,0.825,-0.027851
0.375,0.875,-0.034924
0.375,0.925,-0.040113
0.375,0.975,-0.042457
0.375,1.025,-0.041520
0.375,1.075,-0.037469
0.375,1.125,-0.031047
0.375,1.175,-0.023442
0.375,1.225,-0.016014
0.375,1.275,-0.009901
0.375,1.325,-0.005626
0.375,1.375,-0.002952
0.375,1.425,-0.001071
0.375,1.475,0.000948
0.375,1.525,0.003733
0.375,1.575,0.007402
0.375,1.625,0.011636
0.375,1.675,0.015904
0.375,1.725,0.019704
0.375,1.775,0.022718
0.375,1.825,0.024857
0.375,1.875,0.026215
0.375,1.925,0.026967
0.375,1.975,0.027270
0.375,2.025,0.027204
0.375,2.075,0.026747
0.375,2.125,0.025776
0.375,2.175,0.024082
0.375,2.225,0.021453
0.375,2.275,0.017839
0.375,2.325,0.013507
0.375,2.375,0.009052
0.375,2.425,0.005169
0.375,2.475,0.002299
0.375,2.525,0.000353
0.375,2.575,-0.001309
0.375,2.625,-0.003620
0.375,2.675,-0.007399
0.375,2.725,-0.012984
0.375,2.775,-0.020060
0.375,2.825,-0.027739
0.375,2.875,-0.034806
0.375,2.925,-0.040034
0.375,2.975,-0.042457
0.375,3.025,-0.041580
0.375,3.075,-0.037524
0.375,3.125,-0.031064
0.375,3.175,-0.023477
0.375,3.225,-0.016171
0.375,3.275,-0.010225
0.375,3.325,-0.006050
0.375,3.375,-0.003337
0.375,3.425,-0.001314
0.375,3.475,0.000858
0.375,3.525,0.003728
0.375,3.575,0.007397
0.375,3.625,0.011577
0.375,3.675,0.015779
0.375,3.725,0.019534
0.375,3.775,0.022545
0.375,3.825,0.024724
0.375,3.875,0.026134
0.375,3.925,0.026918
0.375,3.975,0.027236
0.375,4.025,0.027206
0.375,4.075,0.026834
0.375,4.125,0.025962
0.375,4.175,0.024306
0.375,4.225,0.021612
0.375,4.275,0.017872
0.375,4.325,0.013453
0.375,4.375,0.009018
0.375,4.425,0.005255
0.375,4.475,0.002537
0.375,4.525,0.000690
0.375,4.575,-0.000968
0.375,4.625,-0.003352
0.375,4.675,-0.007220
0.375,4.725,-0.012850
0.375,4.775,-0.019923
0.375,4.825,-0.027594
0.375,4.875,-0.034699
0.375,4.925,-0.040005
0.375,4.97499999992403,-0.042489
0.425,0.0249999999979058,0.034204
0.425,0.075,0.032225
0.425,0.125,0.028896
0.425,0.175,0.024509
0.425,0.225,0.019469
0.425,0.275,0.014254
0.425,0.325,0.009329
0.425,0.375,0.005162
0.425,0.425,0.002212
0.425,0.475,0.000646
0.425,0.525,0.000024
0.425,0.575,-0.000668
0.425,0.625,-0.002584
0.425,0.675,-0.006522
0.425,0.725,-0.012620
0.425,0.775,-0.020336
0.425,0.825,-0.028607
0.425,0.875,-0.036115
0.425,0.925,-0.041578
0.425,0.975,-0.044030
0.425,1.025,-0.043047
0.425,1.075,-0.038818
0.425,1.125,-0.032076
0.425,1.175,-0.023950
0.425,1.225,-0.015808
0.425,1.275,-0.008961
0.425,1.325,-0.004241
0.425,1.375,-0.001686
0.425,1.425,-0.000587
0.425,1.475,0.000121
0.425,1.525,0.001393
0.425,1.575,0.003776
0.425,1.625,0.007373
0.425,1.675,0.011951
0.425,1.725,0.017084
0.425,1.775,0.022262
0.425,1.825,0.026990
0.425,1.875,0.030844
0.425,1.925,0.033485
0.425,1.975,0.034658
0.425,2.025,0.034242
0.425,2.075,0.032295
0.425,2.125,0.029033
0.425,2.175,0.024743
0.425,2.225,0.019732
0.425,2.275,0.014397
0.425,2.325,0.009302
0.425,2.375,0.005112
0.425,2.425,0.002317
0.425,2.475,0.000927
0.425,2.525,0.000357
0.425,2.575,-0.000396
0.425,2.625,-0.002394
0.425,2.675,-0.006371
0.425,2.725,-0.012478
0.425,2.775,-0.020197
0.425,2.825,-0.028467
0.425,2.875,-0.035969
0.425,2.925,-0.041454
0.425,2.975,-0.043995
0.425,3.025,-0.043134
0.425,3.075,-0.038962
0.425,3.125,-0.032172
0.425,3.175,-0.023991
0.425,3.225,-0.015906
0.425,3.275,-0.009217
0.425,3.325,-0.004622
0.425,3.375,-0.002054
0.425,3.425,-0.000828
0.425,3.475,0.000019
0.425,3.525,0.001361
0.425,3.575,0.003742
0.425,3.625,0.007293
0.425,3.675,0.011810
0.425,3.725,0.016887
0.425,3.775,0.022052
0.425,3.825,0.026827
0.425,3.875,0.030750
0.425,3.925,0.033424
0.425,3.975,0.034601
0.425,4.025,0.034227
0.425,4.075,0.032398
0.425,4.125,0.029266
0.425,4.175,0.025010
0.425,4.225,0.019907
0.425,4.275,0.014440
0.425,4.325,0.009290
0.425,4.375,0.005157
0.425,4.425,0.002473
0.425,4.475,0.001173
0.425,4.525,0.000639
0.425,4.575,-0.000131
0.425,4.625,-0.002182
0.425,4.675,-0.006221
0.425,4.725,-0.012357
0.425,4.775,-0.020051
0.425,4.825,-0.028279
0.425,4.875,-0.035794
0.425,4.925,-0.041374
0.425,4.97499999992403,-0.044032
0.475,0.0249999999979058,0.039713
0.475,0.075,0.036421
0.475,0.125,0.031089
0.475,0.175,0.024478
0.475,0.225,0.017504
0.475,0.275,0.011063
0.475,0.325,0.005891
0.475,0.375,0.002417
0.475,0.425,0.000655
0.475,0.475,0.000141
0.475,0.525,-0.000017
0.475,0.575,-0.000871
0.475,0.625,-0.003270
0.475,0.675,-0.007610
0.475,0.725,-0.013750
0.475,0.775,-0.021066
0.475,0.825,-0.028600
0.475,0.875,-0.035263
0.475,0.925,-0.040038
0.475,0.975,-0.042172
0.475,1.025,-0.041330
0.475,1.075,-0.037655
0.475,1.125,-0.031726
0.475,1.175,-0.024444
0.475,1.225,-0.016890
0.475,1.275,-0.010134
0.475,1.325,-0.005010
0.475,1.375,-0.001875
0.475,1.425,-0.000501
0.475,1.475,-0.000151
0.475,1.525,0.000159
0.475,1.575,0.001363
0.475,1.625,0.004092
0.475,1.675,0.008554
0.475,1.725,0.014511
0.475,1.775,0.021357
0.475,1.825,0.028249
0.475,1.875,0.034258
0.475,1.925,0.038536
0.475,1.975,0.040460
0.475,2.025,0.039751
0.475,2.075,0.036525
0.475,2.125,0.031258
0.475,2.175,0.024685
0.475,2.225,0.017693
0.475,2.275,0.011202
0.475,2.325,0.006001
0.475,2.375,0.002560
0.475,2.425,0.000861
0.475,2.475,0.000370
0.475,2.525,0.000178
0.475,2.575,-0.000723
0.475,2.625,-0.003140
0.475,2.675,-0.007465
0.475,2.725,-0.013580
0.475,2.775,-0.020885
0.475,2.825,-0.028431
0.475,2.875,-0.035119
0.475,2.925,-0.039932
0.475,2.975,-0.042131
0.475,3.025,-0.041382
0.475,3.075,-0.037789
0.475,3.125,-0.031893
0.475,3.175,-0.024598
0.475,3.225,-0.017027
0.475,3.275,-0.010293
0.475,3.325,-0.005216
0.475,3.375,-0.002113
0.475,3.425,-0.000727
0.475,3.475,-0.000331
0.475,3.525,0.000029
0.475,3.575,0.001256
0.475,3.625,0.003975
0.475,3.675,0.008404
0.475,3.725,0.014329
0.475,3.775,0.021167
0.475,3.825,0.028077
0.475,3.875,0.034119
0.475,3.925,0.038436
0.475,3.975,0.040415
0.475,4.025,0.039790
0.475,4.075,0.036656
0.475,4.125,0.031446
0.475,4.175,0.024872
0.475,4.225,0.017844
0.475,4.275,0.011327
0.475,4.325,0.006141
0.475,4.375,0.002739
0.475,4.425,0.001067
0.475,4.475,0.000571
0.475,4.525,0.000352
0.475,4.575,-0.000569
0.475,4.625,-0.002992
0.475,4.675,-0.007313
0.475,4.725,-0.013419
0.475,4.775,-0.020714
0.475,4.825,-0.028251
0.475,4.875,-0.034953
0.475,4.925,-0.039823
0.475,4.97499999992403,-0.042113
0.525,0.0249999999979058,0.042706
0.525,0.075,0.038578
0.525,0.125,0.032004
0.525,0.175,0.024083
0.525,0.225,0.016072
0.525,0.275,0.009140
0.525,0.325,0.004149
0.525,0.375,0.001378
0.525,0.425,0.000338
0.525,0.475,-0.000010
0.525,0.525,-0.000749
0.525,0.575,-0.002613
0.525,0.625,-0.005892
0.525,0.675,-0.010496
0.525,0.725,-0.016055
0.525,0.775,-0.022014
0.525,0.825,-0.027723
0.525,0.875,-0.032525
0.525,0.925,-0.035861
0.525,0.975,-0.037341
0.525,1.025,-0.036782
0.525,1.075,-0.034239
0.525,1.125,-0.030025
0.525,1.175,-0.024667
0.525,1.225,-0.018770
0.525,1.275,-0.012934
0.525,1.325,-0.007762
0.525,1.375,-0.003820
0.525,1.425,-0.001439
0.525,1.475,-0.000466
0.525,1.525,-0.000185
0.525,1.575,0.000472
0.525,1.625,0.002541
0.525,1.675,0.006650
0.525,1.725,0.012826
0.525,1.775,0.020497
0.525,1.825,0.028626
0.525,1.875,0.035942
0.525,1.925,0.041236
0.525,1.975,0.043631
0.525,2.025,0.042745
0.525,2.075,0.038714
0.525,2.125,0.032178
0.525,2.175,0.024210
0.525,2.225,0.016155
0.525,2.275,0.009296
0.525,2.325,0.004454
0.525,2.375,0.001743
0.525,2.425,0.000608
0.525,2.475,0.000112
0.525,2.525,-0.000707
0.525,2.575,-0.002561
0.525,2.625,-0.005790
0.525,2.675,-0.010346
0.525,2.725,-0.015870
0.525,2.775,-0.021813
0.525,2.825,-0.027538
0.525,2.875,-0.032396
0.525,2.925,-0.035799
0.525,2.975,-0.037320
0.525,3.025,-0.036789
0.525,3.075,-0.034316
0.525,3.125,-0.030218
0.525,3.175,-0.024930
0.525,3.225,-0.018981
0.525,3.275,-0.013021
0.525,3.325,-0.007778
0.525,3.375,-0.003884
0.525,3.425,-0.001615
0.525,3.475,-0.000720
0.525,3.525,-0.000440
0.525,3.575,0.000259
0.525,3.625,0.002363
0.525,3.675,0.006493
0.525,3.725,0.012683
0.525,3.775,0.020353
0.525,3.825,0.028460
0.525,3.875,0.035766
0.525,3.925,0.041114
0.525,3.975,0.043626
0.525,4.025,0.042845
0.525,4.075,0.038839
0.525,4.125,0.032264
0.525,4.175,0.024282
0.525,4.225,0.016292
0.525,4.275,0.009542
0.525,4.325,0.004770
0.525,4.375,0.002046
0.525,4.425,0.000833
0.525,4.475,0.000246
0.525,4.525,-0.000635
0.525,4.575,-0.002505
0.525,4.625,-0.005696
0.525,4.675,-0.010186
0.525,4.725,-0.015667
0.525,4.775,-0.021620
0.525,4.825,-0.027390
0.525,4.875,-0.032282
0.525,4.925,-0.035695
0.525,4.97499999992403,-0.037246
0.575,0.0249999999979058,0.042550
0.575,0.075,0.038290
0.575,0.125,0.031571
0.575,0.175,0.023597
0.575,0.225,0.015720
0.575,0.275,0.009151
0.575,0.325,0.004613
0.575,0.375,0.002064
0.575,0.425,0.000720
0.575,0.475,-0.000541
0.575,0.525,-0.002601
0.575,0.575,-0.005770
0.575,0.625,-0.009839
0.575,0.675,-0.014336
0.575,0.725,-0.018759
0.575,0.775,-0.022712
0.575,0.825,-0.025940
0.575,0.875,-0.028321
0.575,0.925,-0.029828
0.575,0.975,-0.030472
0.575,1.025,-0.030252
0.575,1.075,-0.029154
0.575,1.125,-0.027178
0.575,1.175,-0.024349
0.575,1.225,-0.020715
0.575,1.275,-0.016403
0.575,1.325,-0.011744
0.575,1.375,-0.007318
0.575,1.425,-0.003775
0.575,1.475,-0.001468
0.575,1.525,-0.000155
0.575,1.575,0.000986
0.575,1.625,0.003023
0.575,1.675,0.006809
0.575,1.725,0.012633
0.575,1.775,0.020093
0.575,1.825,0.028192
0.575,1.875,0.035608
0.575,1.925,0.041041
0.575,1.975,0.043522
0.575,2.025,0.042597
0.575,2.075,0.038401
0.575,2.125,0.031672
0.575,2.175,0.023649
0.575,2.225,0.015806
0.575,2.275,0.009397
0.575,2.325,0.005030
0.575,2.375,0.002502
0.575,2.425,0.000999
0.575,2.475,-0.000463
0.575,2.525,-0.002623
0.575,2.575,-0.005771
0.575,2.625,-0.009766
0.575,2.675,-0.014195
0.575,2.725,-0.018580
0.575,2.775,-0.022523
0.575,2.825,-0.025777
0.575,2.875,-0.028219
0.575,2.925,-0.029787
0.575,2.975,-0.030460
0.575,3.025,-0.030254
0.575,3.075,-0.029216
0.575,3.125,-0.027352
0.575,3.175,-0.024605
0.575,3.225,-0.020928
0.575,3.275,-0.016468
0.575,3.325,-0.011685
0.575,3.375,-0.007273
0.575,3.425,-0.003870
0.575,3.475,-0.001722
0.575,3.525,-0.000491
0.575,3.575,0.000663
0.575,3.625,0.002769
0.575,3.675,0.006636
0.575,3.725,0.012514
0.575,3.775,0.019976
0.575,3.825,0.028045
0.575,3.875,0.035456
0.575,3.925,0.040957
0.575,3.975,0.043545
0.575,4.025,0.042681
0.575,4.075,0.038460
0.575,4.125,0.031678
0.575,4.175,0.023681
0.575,4.225,0.015972
0.575,4.275,0.009727
0.575,4.325,0.005441
0.575,4.375,0.002863
0.575,4.425,0.001228
0.575,4.475,-0.000368
0.575,4.525,-0.002606
0.575,4.575,-0.005760
0.575,4.625,-0.009699
0.575,4.675,-0.014050
0.575,4.725,-0.018386
0.575,4.775,-0.022343
0.575,4.825,-0.025652
0.575,4.875,-0.028135
0.575,4.925,-0.029707
0.575,4.97499999992403,-0.030388
0.625,0.0249999999979058,0.039151
0.625,0.075,0.035545
0.625,0.125,0.029885
0.625,0.175,0.023210
0.625,0.225,0.016672
0.625,0.275,0.011181
0.625,0.325,0.007053
0.625,0.375,0.003952
0.625,0.425,0.001195
0.625,0.475,-0.001858
0.625,0.525,-0.005557
0.625,0.575,-0.009829
0.625,0.625,-0.014218
0.625,0.675,-0.018106
0.625,0.725,-0.020995
0.625,0.775,-0.022686
0.625,0.825,-0.023311
0.625,0.875,-0.023242
0.625,0.925,-0.022931
0.625,0.975,-0.022739
0.625,1.025,-0.022845
0.625,1.075,-0.023191
0.625,1.125,-0.023475
0.625,1.175,-0.023224
0.625,1.225,-0.021986
0.625,1.275,-0.019533
0.625,1.325,-0.015964
0.625,1.375,-0.011694
0.625,1.425,-0.007335
0.625,1.475,-0.003454
0.625,1.525,-0.000294
0.625,1.575,0.002390
0.625,1.625,0.005246
0.625,1.675,0.008998
0.625,1.725,0.014070
0.625,1.775,0.020326
0.625,1.825,0.027077
0.625,1.875,0.033295
0.625,1.925,0.037897
0.625,1.975,0.040009
0.625,2.025,0.039183
0.625,2.075,0.035561
0.625,2.125,0.029878
0.625,2.175,0.023265
0.625,2.225,0.016880
0.625,2.275,0.011527
0.625,2.325,0.007438
0.625,2.375,0.004288
0.625,2.425,0.001439
0.625,2.475,-0.001729
0.625,2.525,-0.005524
0.625,2.575,-0.009827
0.625,2.625,-0.014179
0.625,2.675,-0.018003
0.625,2.725,-0.020851
0.625,2.775,-0.022544
0.625,2.825,-0.023202
0.625,2.875,-0.023168
0.625,2.925,-0.022880
0.625,2.975,-0.022723
0.625,3.025,-0.022884
0.625,3.075,-0.023286
0.625,3.125,-0.023600
0.625,3.175,-0.023354
0.625,3.225,-0.022100
0.625,3.275,-0.019599
0.625,3.325,-0.015963
0.625,3.375,-0.011665
0.625,3.425,-0.007370
0.625,3.475,-0.003634
0.625,3.525,-0.000617
0.625,3.575,0.002016
0.625,3.625,0.004927
0.625,3.675,0.008783
0.625,3.725,0.013926
0.625,3.775,0.020205
0.625,3.825,0.026974
0.625,3.875,0.033237
0.625,3.925,0.037890
0.625,3.975,0.040017
0.625,4.025,0.039168
0.625,4.075,0.035528
0.625,4.125,0.029879
0.625,4.175,0.023362
0.625,4.225,0.017105
0.625,4.275,0.011862
0.625,4.325,0.007816
0.625,4.375,0.004625
0.625,4.425,0.001669
0.625,4.475,-0.001618
0.625,4.525,-0.005488
0.625,4.575,-0.009801
0.625,4.625,-0.014117
0.625,4.675,-0.017901
0.625,4.725,-0.020726
0.625,4.775,-0.022417
0.625,4.825,-0.023087
0.625,4.875,-0.023079
0.625,4.925,-0.022829
0.625,4.97499999992403,-0.022712
0.675,0.0249999999979058,0.033010
0.675,0.075,0.030749
0.675,0.125,0.027187
0.675,0.175,0.022957
0.675,0.225,0.018660
0.675,0.275,0.014563
0.675,0.325,0.010519
0.675,0.375,0.006189
0.675,0.425,0.001379
0.675,0.475,-0.003814
0.675,0.525,-0.009081
0.675,0.575,-0.014005
0.675,0.625,-0.018100
0.675,0.675,-0.020882
0.675,0.725,-0.022036
0.675,0.775,-0.021596
0.675,0.825,-0.019988
0.675,0.875,-0.017918
0.675,0.925,-0.016152
0.675,0.975,-0.015302
0.675,1.025,-0.015674
0.675,1.075,-0.017162
0.675,1.125,-0.019237
0.675,1.175,-0.021116
0.675,1.225,-0.022046
0.675,1.275,-0.021551
0.675,1.325,-0.019487
0.675,1.375,-0.015981
0.675,1.425,-0.011368
0.675,1.475,-0.006152
0.675,1.525,-0.000901
0.675,1.575,0.003966
0.675,1.625,0.008359
0.675,1.675,0.012498
0.675,1.725,0.016685
0.675,1.775,0.021053
0.675,1.825,0.025431
0.675,1.875,0.029369
0.675,1.925,0.032266
0.675,1.975,0.033564
0.675,2.025,0.032980
0.675,2.075,0.030664
0.675,2.125,0.027153
0.675,2.175,0.023102
0.675,2.225,0.018978
0.675,2.275,0.014914
0.675,2.325,0.010783
0.675,2.375,0.006378
0.675,2.425,0.001568
0.675,2.475,-0.003615
0.675,2.525,-0.008929
0.675,2.575,-0.013932
0.675,2.625,-0.018069
0.675,2.675,-0.020839
0.675,2.725,-0.021971
0.675,2.775,-0.021533
0.675,2.825,-0.019936
0.675,2.875,-0.017863
0.675,2.925,-0.016101
0.675,2.975,-0.015302
0.675,3.025,-0.015751
0.675,3.075,-0.017266
0.675,3.125,-0.019287
0.675,3.175,-0.021097
0.675,3.225,-0.022030
0.675,3.275,-0.021601
0.675,3.325,-0.019583
0.675,3.375,-0.016058
0.675,3.425,-0.011421
0.675,3.475,-0.006256
0.675,3.525,-0.001123
0.675,3.575,0.003646
0.675,3.625,0.008023
0.675,3.675,0.012211
0.675,3.725,0.016469
0.675,3.775,0.020921
0.675,3.825,0.025396
0.675,3.875,0.029409
0.675,3.925,0.032301
0.675,3.975,0.033520
0.675,4.025,0.032871
0.675,4.075,0.030591
0.675,4.125,0.027210
0.675,4.175,0.023296
0.675,4.225,0.019243
0.675,4.275,0.015188
0.675,4.325,0.011045
0.675,4.375,0.006626
0.675,4.425,0.001786
0.675,4.475,-0.003446
0.675,4.525,-0.008809
0.675,4.575,-0.013846
0.675,4.625,-0.018006
0.675,4.675,-0.020797
0.675,4.725,-0.021936
0.675,4.775,-0.021474
0.675,4.825,-0.019845
0.675,4.875,-0.017781
0.675,4.925,-0.016083
0.675,4.97499999992403,-0.015357
0.725,0.0249999999979058,0.025149
0.725,0.075,0.024657
0.725,0.125,0.023821
0.725,0.175,0.022628
0.725,0.225,0.020837
0.725,0.275,0.017996
0.725,0.325,0.013706
0.725,0.375,0.007953
0.725,0.425,0.001180
0.725,0.475,-0.005845
0.725,0.525,-0.012260
0.725,0.575,-0.017348
0.725,0.625,-0.020669
0.725,0.675,-0.022035
0.725,0.725,-0.021488
0.725,0.775,-0.019341
0.725,0.825,-0.016202
0.725,0.875,-0.012895
0.725,0.925,-0.010287
0.725,0.975,-0.009083
0.725,1.025,-0.009614
0.725,1.075,-0.011718
0.725,1.125,-0.014806
0.725,1.175,-0.018067
0.725,1.225,-0.020684
0.725,1.275,-0.021999
0.725,1.325,-0.021568
0.725,1.375,-0.019164
0.725,1.425,-0.014801
0.725,1.475,-0.008812
0.725,1.525,-0.001884
0.725,1.575,0.005074
0.725,1.625,0.011218
0.725,1.675,0.016041
0.725,1.725,0.019475
0.725,1.775,0.021786
0.725,1.825,0.023342
0.725,1.875,0.024401
0.725,1.925,0.025040
0.725,1.975,0.025246
0.725,2.025,0.025053
0.725,2.075,0.024573
0.725,2.125,0.023882
0.725,2.175,0.022858
0.725,2.225,0.021133
0.725,2.275,0.018235
0.725,2.325,0.013856
0.725,2.375,0.008064
0.725,2.425,0.001326
0.725,2.475,-0.005629
0.725,2.525,-0.012020
0.725,2.575,-0.017170
0.725,2.625,-0.020594
0.725,2.675,-0.022040
0.725,2.725,-0.021523
0.725,2.775,-0.019366
0.725,2.825,-0.016195
0.725,2.875,-0.012868
0.725,2.925,-0.010279
0.725,2.975,-0.009123
0.725,3.025,-0.009681
0.725,3.075,-0.011754
0.725,3.125,-0.014767
0.725,3.175,-0.017965
0.725,3.225,-0.020599
0.725,3.275,-0.022016
0.725,3.325,-0.021700
0.725,3.375,-0.019341
0.725,3.425,-0.014942
0.725,3.475,-0.008904
0.725,3.525,-0.001988
0.725,3.575,0.004888
0.725,3.625,0.010930
0.725,3.675,0.015707
0.725,3.725,0.019200
0.725,3.775,0.021653
0.725,3.825,0.023351
0.725,3.875,0.024463
0.725,3.925,0.025047
0.725,3.975,0.025163
0.725,4.025,0.024946
0.725,4.075,0.024551
0.725,4.125,0.024004
0.725,4.175,0.023087
0.725,4.225,0.021376
0.725,4.275,0.018425
0.725,4.325,0.013998
0.725,4.375,0.008208
0.725,4.425,0.001514
0.725,4.475,-0.005403
0.725,4.525,-0.011802
0.725,4.575,-0.017014
0.725,4.625,-0.020526
0.725,4.675,-0.022043
0.725,4.725,-0.021549
0.725,4.775,-0.019368
0.725,4.825,-0.016167
0.725,4.875,-0.012844
0.725,4.925,-0.010303
0.725,4.97499999992403,-0.009194
0.775,0.0249999999979058,0.016910
0.775,0.075,0.018222
0.775,0.125,0.020091
0.775,0.175,0.021695
0.775,0.225,0.021966
0.775,0.275,0.019991
0.775,0.325,0.015437
0.775,0.375,0.008699
0.775,0.425,0.000727
0.775,0.475,-0.007272
0.775,0.525,-0.014118
0.775,0.575,-0.018925
0.775,0.625,-0.021282
0.775,0.675,-0.021277
0.775,0.725,-0.019344
0.775,0.775,-0.016097
0.775,0.825,-0.012249
0.775,0.875,-0.008570
0.775,0.925,-0.005822
0.775,0.975,-0.004592
0.775,1.025,-0.005122
0.775,1.075,-0.007258
0.775,1.125,-0.010549
0.775,1.175,-0.014378
0.775,1.225,-0.018022
0.775,1.275,-0.020701
0.775,1.325,-0.021676
0.775,1.375,-0.020392
0.775,1.425,-0.016615
0.775,1.475,-0.010538
0.775,1.525,-0.002834
0.775,1.575,0.005376
0.775,1.625,0.012764
0.775,1.675,0.018200
0.775,1.725,0.021141
0.775,1.775,0.021759
0.775,1.825,0.020751
0.775,1.875,0.019012
0.775,1.925,0.017384
0.775,1.975,0.016531
0.775,2.025,0.016838
0.775,2.075,0.018265
0.775,2.125,0.020272
0.775,2.175,0.021912
0.775,2.225,0.022120
0.775,2.275,0.020083
0.775,2.325,0.015521
0.775,2.375,0.008805
0.775,2.425,0.000864
0.775,2.475,-0.007083
0.775,2.525,-0.013873
0.775,2.575,-0.018684
0.775,2.625,-0.021142
0.775,2.675,-0.021280
0.775,2.725,-0.019437
0.775,2.775,-0.016189
0.775,2.825,-0.012298
0.775,2.875,-0.008609
0.775,2.925,-0.005884
0.775,2.975,-0.004652
0.775,3.025,-0.005123
0.775,3.075,-0.007182
0.775,3.125,-0.010435
0.775,3.175,-0.014270
0.775,3.225,-0.017950
0.775,3.275,-0.020698
0.775,3.325,-0.021777
0.775,3.375,-0.020590
0.775,3.425,-0.016831
0.775,3.475,-0.010676
0.775,3.525,-0.002890
0.775,3.575,0.005304
0.775,3.625,0.012579
0.775,3.675,0.017922
0.775,3.725,0.020890
0.775,3.775,0.021626
0.775,3.825,0.020718
0.775,3.875,0.018991
0.775,3.925,0.017328
0.775,3.975,0.016474
0.775,4.025,0.016840
0.775,4.075,0.018353
0.775,4.125,0.020424
0.775,4.175,0.022085
0.775,4.225,0.022274
0.775,4.275,0.020192
0.775,4.325,0.015593
0.775,4.375,0.008887
0.775,4.425,0.001017
0.775,4.475,-0.006845
0.775,4.525,-0.013610
0.775,4.575,-0.018484
0.775,4.625,-0.021053
0.775,4.675,-0.021281
0.775,4.725,-0.019480
0.775,4.775,-0.016246
0.775,4.825,-0.012367
0.775,4.875,-0.008685
0.775,4.925,-0.005950
0.775,4.97499999992403,-0.004689
0.825,0.0249999999979058,0.009661
0.825,0.075,0.012336
0.825,0.125,0.016085
0.825,0.175,0.019429
0.825,0.225,0.020858
0.825,0.275,0.019418
0.825,0.325,0.014989
0.825,0.375,0.008213
0.825,0.425,0.000249
0.825,0.475,-0.007547
0.825,0.525,-0.013941
0.825,0.575,-0.018056
0.825,0.625,-0.019533
0.825,0.675,-0.018589
0.825,0.725,-0.015887
0.825,0.775,-0.012256
0.825,0.825,-0.008469
0.825,0.875,-0.005175
0.825,0.925,-0.002870
0.825,0.975,-0.001856
0.825,1.025,-0.002236
0.825,1.075,-0.003956
0.825,1.125,-0.006829
0.825,1.175,-0.010501
0.825,1.225,-0.014391
0.825,1.275,-0.017697
0.825,1.325,-0.019524
0.825,1.375,-0.019128
0.825,1.425,-0.016133
0.825,1.475,-0.010646
0.825,1.525,-0.003285
0.825,1.575,0.004856
0.825,1.625,0.012366
0.825,1.675,0.017872
0.825,1.725,0.020486
0.825,1.775,0.020103
0.825,1.825,0.017428
0.825,1.875,0.013738
0.825,1.925,0.010507
0.825,1.975,0.008974
0.825,2.025,0.009736
0.825,2.075,0.012528
0.825,2.125,0.016290
0.825,2.175,0.019535
0.825,2.225,0.020867
0.825,2.275,0.019414
0.825,2.325,0.015039
0.825,2.375,0.008325
0.825,2.425,0.000395
0.825,2.475,-0.007384
0.825,2.525,-0.013749
0.825,2.575,-0.017845
0.825,2.625,-0.019370
0.825,2.675,-0.018541
0.825,2.725,-0.015950
0.825,2.775,-0.012373
0.825,2.825,-0.008603
0.825,2.875,-0.005312
0.825,2.925,-0.002979
0.825,2.975,-0.001882
0.825,3.025,-0.002153
0.825,3.075,-0.003803
0.825,3.125,-0.006685
0.825,3.175,-0.010419
0.825,3.225,-0.014366
0.825,3.275,-0.017707
0.825,3.325,-0.019586
0.825,3.375,-0.019271
0.825,3.425,-0.016333
0.825,3.475,-0.010825
0.825,3.525,-0.003387
0.825,3.575,0.004806
0.825,3.625,0.012302
0.825,3.675,0.017764
0.825,3.725,0.020348
0.825,3.775,0.019954
0.825,3.825,0.017269
0.825,3.875,0.013586
0.825,3.925,0.010418
0.825,3.975,0.009001
0.825,4.025,0.009874
0.825,4.075,0.012705
0.825,4.125,0.016429
0.825,4.175,0.019612
0.825,4.225,0.020907
0.825,4.275,0.019450
0.825,4.325,0.015088
0.825,4.375,0.008404
0.825,4.425,0.000527
0.825,4.475,-0.007191
0.825,4.525,-0.013527
0.825,4.575,-0.017649
0.825,4.625,-0.019240
0.825,4.675,-0.018492
0.825,4.725,-0.015981
0.825,4.775,-0.012481
0.825,4.825,-0.008764
0.825,4.875,-0.005472
0.825,4.925,-0.003068
0.825,4.97499999992403,-0.001871
0.875,0.0249999999979058,0.004423
0.875,0.075,0.007520
0.875,0.125,0.011676
0.875,0.175,0.015257
0.875,0.225,0.016886
0.875,0.275,0.015854
0.875,0.325,0.012188
0.875,0.375,0.006533
0.875,0.425,-0.000065
0.875,0.475,-0.006421
0.875,0.525,-0.011485
0.875,0.575,-0.014550
0.875,0.625,-0.015360
0.875,0.675,-0.014134
0.875,0.725,-0.011492
0.875,0.775,-0.008257
0.875,0.825,-0.005184
0.875,0.875,-0.002770
0.875,0.925,-0.001211
0.875,0.975,-0.000517
0.875,1.025,-0.000694
0.875,1.075,-0.001810
0.875,1.125,-0.003907
0.875,1.175,-0.006840
0.875,1.225,-0.010175
0.875,1.275,-0.013215
0.875,1.325,-0.015150
0.875,1.375,-0.015263
0.875,1.425,-0.013155
0.875,1.475,-0.008880
0.875,1.525,-0.002959
0.875,1.575,0.003704
0.875,1.625,0.009969
0.875,1.675,0.014657
0.875,1.725,0.016835
0.875,1.775,0.016150
0.875,1.825,0.013084
0.875,1.875,0.008918
0.875,1.925,0.005323
0.875,1.975,0.003708
0.875,2.025,0.004662
0.875,2.075,0.007763
0.875,2.125,0.011797
0.875,2.175,0.015251
0.875,2.225,0.016830
0.875,2.275,0.015821
0.875,2.325,0.012215
0.875,2.375,0.006626
0.875,2.425,0.000073
0.875,2.475,-0.006276
0.875,2.525,-0.011357
0.875,2.575,-0.014432
0.875,2.625,-0.015238
0.875,2.675,-0.014033
0.875,2.725,-0.011473
0.875,2.775,-0.008361
0.875,2.825,-0.005386
0.875,2.875,-0.002974
0.875,2.925,-0.001314
0.875,2.975,-0.000484
0.875,3.025,-0.000565
0.875,3.075,-0.001656
0.875,3.125,-0.003786
0.875,3.175,-0.006781
0.875,3.225,-0.010176
0.875,3.275,-0.013252
0.875,3.325,-0.015198
0.875,3.375,-0.015327
0.875,3.425,-0.013266
0.875,3.475,-0.009046
0.875,3.525,-0.003129
0.875,3.575,0.003614
0.875,3.625,0.009994
0.875,3.675,0.014730
0.875,3.725,0.016828
0.875,3.775,0.015988
0.875,3.825,0.012818
0.875,3.875,0.008690
0.875,3.925,0.005253
0.875,3.975,0.003814
0.875,4.025,0.004867
0.875,4.075,0.007954
0.875,4.125,0.011898
0.875,4.175,0.015256
0.875,4.225,0.016789
0.875,4.275,0.015802
0.875,4.325,0.012258
0.875,4.375,0.006722
0.875,4.425,0.000190
0.875,4.475,-0.006159
0.875,4.525,-0.011231
0.875,4.575,-0.014281
0.875,4.625,-0.015083
0.875,4.675,-0.013934
0.875,4.725,-0.011487
0.875,4.775,-0.008496
0.875,4.825,-0.005584
0.875,4.875,-0.003150
0.875,4.925,-0.001396
0.875,4.97499999992403,-0.000448
0.925,0.0249999999979058,0.001455
0.925,0.075,0.003761
0.925,0.125,0.006716
0.925,0.175,0.009165
0.925,0.225,0.010281
0.925,0.275,0.009677
0.925,0.325,0.007409
0.925,0.375,0.003909
0.925,0.425,-0.000151
0.925,0.475,-0.004025
0.925,0.525,-0.007055
0.925,0.575,-0.008813
0.925,0.625,-0.009171
0.925,0.675,-0.008274
0.925,0.725,-0.006501
0.925,0.775,-0.004407
0.925,0.825,-0.002543
0.925,0.875,-0.001210
0.925,0.925,-0.000416
0.925,0.975,-0.000049
0.925,1.025,-0.000087
0.925,1.075,-0.000636
0.925,1.125,-0.001812
0.925,1.175,-0.003576
0.925,1.225,-0.005668
0.925,1.275,-0.007640
0.925,1.325,-0.008974
0.925,1.375,-0.009199
0.925,1.425,-0.008028
0.925,1.475,-0.005478
0.925,1.525,-0.001891
0.925,1.575,0.002162
0.925,1.625,0.006013
0.925,1.675,0.008962
0.925,1.725,0.010360
0.925,1.775,0.009849
0.925,1.825,0.007652
0.925,1.875,0.004652
0.925,1.925,0.002081
0.925,1.975,0.000973
0.925,2.025,0.001712
0.925,2.075,0.003931
0.925,2.125,0.006742
0.925,2.175,0.009121
0.925,2.225,0.010235
0.925,2.275,0.009654
0.925,2.325,0.007418
0.925,2.375,0.003962
0.925,2.425,-0.000056
0.925,2.475,-0.003921
0.925,2.525,-0.006985
0.925,2.575,-0.008777
0.925,2.625,-0.009115
0.925,2.675,-0.008176
0.925,2.725,-0.006438
0.925,2.775,-0.004473
0.925,2.825,-0.002721
0.925,2.875,-0.001382
0.925,2.925,-0.000476
0.925,2.975,0.000006
0.925,3.025,0.000019
0.925,3.075,-0.000539
0.925,3.125,-0.001742
0.925,3.175,-0.003539
0.925,3.225,-0.005673
0.925,3.275,-0.007681
0.925,3.325,-0.009013
0.925,3.375,-0.009212
0.925,3.425,-0.008055
0.925,3.475,-0.005580
0.925,3.525,-0.002050
0.925,3.575,0.002064
0.925,3.625,0.006063
0.925,3.675,0.009095
0.925,3.725,0.010411
0.925,3.775,0.009721
0.925,3.825,0.007415
0.925,3.875,0.004464
0.925,3.925,0.002050
0.925,3.975,0.001083
0.925,4.025,0.001873
0.925,4.075,0.004059
0.925,4.125,0.006798
0.925,4.175,0.009103
0.925,4.225,0.010178
0.925,4.275,0.009619
0.925,4.325,0.007449
0.925,4.375,0.004045
0.925,4.425,0.000026
0.925,4.475,-0.003872
0.925,4.525,-0.006941
0.925,4.575,-0.008692
0.925,4.625,-0.008992
0.925,4.675,-0.008083
0.925,4.725,-0.006443
0.925,4.775,-0.004581
0.925,4.825,-0.002872
0.925,4.875,-0.001503
0.925,4.925,-0.000527
0.925,4.97499999992403,0.000037
0.97500000006281,0.0249999999979058,0.000191
0.97500000006281,0.075,0.000634
0.97500000006281,0.125,0.001202
0.97500000006281,0.175,0.001668
0.975000000062809,0.225,0.001881
0.975000000062809,0.275,0.001772
0.97500000006281,0.325,0.001357
0.97500000006281,0.375,0.000714
0.97500000006281,0.425,-0.000031
0.97500000006281,0.475,-0.000740
0.97500000006281,0.525,-0.001292
0.975000000062809,0.575,-0.001608
0.975000000062809,0.625,-0.001666
0.975000000062809,0.675,-0.001494
0.975000000062809,0.725,-0.001160
0.975000000062809,0.775,-0.000769
0.975000000062809,0.825,-0.000427
0.975000000062809,0.875,-0.000193
0.975000000062809,0.925,-0.000058
0.97500000006281,0.975,0.000006
0.97500000006281,1.025,0.000004
0.975000000062809,1.075,-0.000087
0.975000000062809,1.125,-0.000295
0.975000000062809,1.175,-0.000616
0.97500000006281,1.225,-0.001002
0.97500000006281,1.275,-0.001370
0.975000000062809,1.325,-0.001624
0.975000000062809,1.375,-0.001676
0.975000000062809,1.425,-0.001471
0.97500000006281,1.475,-0.001009
0.97500000006281,1.525,-0.000355
0.975000000062809,1.575,0.000386
0.975000000062809,1.625,0.001092
0.975000000062809,1.675,0.001639
0.97500000006281,1.725,0.001902
0.97500000006281,1.775,0.001805
0.975000000062809,1.825,0.001384
0.975000000062809,1.875,0.000806
0.975000000062809,1.925,0.000310
0.97500000006281,1.975,0.000097
0.97500000006281,2.025,0.000241
0.97500000006281,2.075,0.000667
0.97500000006281,2.125,0.001204
0.97500000006281,2.175,0.001657
0.97500000006281,2.225,0.001871
0.97500000006281,2.275,0.001768
0.97500000006281,2.325,0.001358
0.97500000006281,2.375,0.000723
0.97500000006281,2.425,-0.000013
0.97500000006281,2.475,-0.000720
0.97500000006281,2.525,-0.001280
0.97500000006281,2.575,-0.001604
0.97500000006281,2.625,-0.001658
0.97500000006281,2.675,-0.001474
0.97500000006281,2.725,-0.001144
0.97500000006281,2.775,-0.000780
0.97500000006281,2.825,-0.000464
0.97500000006281,2.875,-0.000227
0.97500000006281,2.925,-0.000069
0.97500000006281,2.975,0.000018
0.97500000006281,3.025,0.000025
0.97500000006281,3.075,-0.000070
0.97500000006281,3.125,-0.000283
0.97500000006281,3.175,-0.000609
0.97500000006281,3.225,-0.001003
0.97500000006281,3.275,-0.001379
0.97500000006281,3.325,-0.001633
0.97500000006281,3.375,-0.001677
0.97500000006281,3.425,-0.001473
0.97500000006281,3.475,-0.001027
0.97500000006281,3.525,-0.000388
0.97500000006281,3.575,0.000364
0.97500000006281,3.625,0.001103
0.97500000006281,3.675,0.001669
0.97500000006281,3.725,0.001915
0.97500000006281,3.775,0.001780
0.97500000006281,3.825,0.001336
0.97500000006281,3.875,0.000768
0.97500000006281,3.925,0.000305
0.97500000006281,3.975,0.000120
0.97500000006281,4.025,0.000273
0.97500000006281,4.075,0.000691
0.97500000006281,4.125,0.001214
0.97500000006281,4.175,0.001652
0.97500000006281,4.225,0.001859
0.97500000006281,4.275,0.001760
0.97500000006281,4.325,0.001364
0.97500000006281,4.375,0.000740
0.97500000006281,4.425,0.000003
0.97500000006281,4.475,-0.000713
0.97500000006281,4.525,-0.001274
0.97500000006281,4.575,-0.001589
0.97500000006281,4.625,-0.001633
0.97500000006281,4.675,-0.001454
0.97500000006281,4.725,-0.001145
0.97500000006281,4.775,-0.000802
0.97500000006281,4.825,-0.000493
0.97500000006281,4.875,-0.000251
0.97500000006281,4.925,-0.000078
0.97500000006281,4.97499999992403,0.000024
