-1729.72
0
0
4.92995e-311
-1512.5
5.2271e-12
18346.1
-3160.68
1.27912e-11
-9.73538e-12
5255.48
-2.20544e-11
-6219.4
3.14384e-13
3.39127e-13
2.92093e-13
3.27759e-13
3.2125
3.30434e-13
3.08477e-13
3.40019e-13
3.22297e-13
3.22632e-13
-3.2125
3212.5
-6.91491e-12
-3.97604e-12
5.41123e-12
3160.68
-798.587
7909.74
-1580.34
1335.41
-1.06723e-11
1044.78
6.14375
-3118.34
-7.18522e-15
1.50392e-14
-2.69576e-14
3025
3.2125
-1.66613e-13
-1512.5
-4.15627e-13
-4.2999e-13
8.06245e-13
8.50327
3227.63
-1.41448e-11
-8.27281e-12
1.04952e-11
6314.6
-1594.53
-15.125
2.08352e-12
1335.41
-5.80064e-12
-1580.34
4350.35
7912.82
-3160.68
1.24688e-11
-1.00578e-11
5255.48
-2.23768e-11
-6219.4
-8.02483e-15
1.67184e-14
-3.0316e-14
5.34989e-15
3.2125
8.02483e-15
-1.3932e-14
1.761e-14
-1.11456e-16
2.22912e-16
-3.2125
3212.5
-1.41522e-11
-8.27449e-12
1.05e-11
6321.36
-1606.25
7.07612e-12
2.08289e-12
1335.41
-5.80284e-12
-2336.59
1.60625
9170.29
-3160.68
9.075
-11.7158
5255.48
-2.23783e-11
-6219.4
-5.23945
9.075
-11.7158
7.4489e-15
3.2125
1.05436e-14
4.15231e-11
3025
-2.01617e-13
1.65928e-12
-3.2125
3212.5
-1512.5
-1.45077e-11
4.46317e-11
6321.36
-1594.53
15.125
4.17166e-12
2670.82
-1.15923e-11
-3167.45
14.9283
-20.6892
7.18337
3.32217e-13
3.05467e-13
3.14272e-13
-3.2125
-1.38298e-11
3212.5
9.075
-11.7158
1.00427e-11
-2.74741e-11
7.07255e-12
-1611.49
9.075
-11.7158
2670.82
1.38703e-11
5.56421
14.877
-7.20251
5.23945
5.23945
5.23945
-0.32476
474.842
2.61973
3699.75
-2471.75
1.01348
2.61973
1610.38
-803.125
2.61973
2.61973
2.61973
4.69891
-1601.01
2.52238e-11
104.789
2670.82
8697.48
5.56421
-2505.3
-12.442
4181.76
7.24327e-13
3.19089e-15
-5.56421
5.23945
9.075
3212.5
1.14551e-13
-1.6507e-11
4.16662e-12
0.971957
-798.587
-3.42988e-12
-2.11271e-11
467.025
3.59168
3212.5
-5.056e-11
-2.28262e-13
1.00435e-11
-2.7477e-11
7.07612e-12
-1606.25
2.52229e-11
-1.16128e-11
2670.82
1.38669e-11
5.56421
9.6375
-12.442
1.33747e-14
2.24166e-14
-2.85606e-16
-5.56421
-8.27449e-12
-5.056e-11
3212.5
1.14131e-13
-1.65062e-11
4.16578e-12
3.59168
-803.125
-3.42894e-12
-2.06133e-11
-1.60625
4352.33
3212.5
937.262
-6.5814e-13
1.63439e-11
4181.76
6.64624e-12
-6554.99
2.52263e-11
-1.1617e-11
2673.85
-5.23945
5.56421
9.6375
-12.442
1.58935e-14
-3.025
5.23945
-5.56421
104.789
-4.89009e-11
3212.5
8697.48
-7.54423e-12
-2514.94
2.50651e-11
-1606.25
4181.76
-7.01815e-11
8.00276e-12
7.18337
17.6814
21.302
5.23945
5.23945
5.23945
-1.94391
5.23945
5.23945
9627.32
5.23945
5.23945
-2665.58
5.23945
5.23945
4446.2
5.23945
-5250.24
5.23945
5.7325e-13
3025
3.2125
-5.56421
-2.63792e-12
-8.69565e-13
5796.07
8.03125
2474.37
1882.84
-1.33472e-12
-3.59168
-1335.41
2.00458e-11
4812.55
2220.48
5.41704e-11
-1335.41
1.18414e-11
6.90429e-12
4437.93
3025
-5255.48
-7.728e-12
104.789
3.44254e-13
5549.78
-1518.06
3.78339e-12
2514.94
9.61364e-12
-2976.21
3.025
9616.84
6.76411
1.18333e-11
-1329.19
8.03125
-1.5125
2223.1
-3.38205
-3.59168
1.05e-11
-2.28262e-13
9622.08
-4.27028e-11
8.63472e-11
-2670.82
1.18411e-11
6.90492e-12
4440.96
-1.95792e-11
-5255.48
9.80813e-15
-1.7833e-14
2.18454e-14
3.2125
-5.56421
2.19568e-14
-9.80813e-15
1.00435e-11
1.14131e-13
-4.27028e-11
9622.08
-1.10208e-12
1.1834e-11
-1326.57
12.5688
-9.78425e-12
2220.48
1.17426e-11
-3.59168
-5.23945
9.075
9622.08
-7.85579e-12
7.17044e-11
-1733.56
2.0803e-11
13092.2
4440.96
-1.22176e-11
-306.74
6.35429e-14
-5856.4
2.49939e-14
3.2125
-5.56421
3.03529e-14
3.025
1.0045e-11
1.11507e-13
-4.26997e-11
9622.08
-1.10795e-12
-3.025
354.178
7.35539e-11
-4.02667e-11
4545.75
3.32817e-11
5546.57
-1.50905e-12
-1.5651e-12
5.56421
9.6375
-1.50625e-12
-1.54883e-12
6321.36
-2.90085e-11
-1.80376e-11
8.48157e-11
-2.63352e-12
15831.2
-3160.68
1.23355e-11
6.61465e-12
5255.48
-2.46608e-11
-6219.4
-1.53958e-12
-1.5174e-12
-1.54994e-12
-1.50948e-12
-1.56956e-12
3.2125
-7.52138e-13
1606.25
-800.343
1518.92
-797.267
7.5625
1877.67
-9.29673e-13
1606.25
-759.632
5.85789
7908.04
-645.744
5.96789e-12
5.23945
5264.56
-11.7158
-6219.4
-9.41537e-15
1.52832e-14
-5.23945
9.075
-11.7158
3.2125
3.93826e-15
3212.5
-1606.25
3.2125
1418.75
1.67832e-12
-1335.41
-2.98251e-12
1609.03
4.81875
-756.25
-6.99745e-12
6321.36
-2.7477e-11
-1.65062e-11
8.63472e-11
-1.10208e-12
15831.2
-3160.68
1.38669e-11
8.14609e-12
5255.48
-2.31293e-11
-6219.4
-8.13629e-15
1.40435e-14
-1.85017e-14
2.19568e-14
-3.81179e-14
3.2125
8.13629e-15
3212.5
-1606.25
3.2125
-1606.25
1.82609e-12
-2091.66
5.71581e-12
2866.5
4.81875
-1488.1
1.5125
6316.12
6.76411
-1.65072e-11
8.63497e-11
-1.10355e-12
15828.2
-3155.44
-6.76411
8.14735e-12
5255.48
-2.31275e-11
-6219.4
3025
6.71825e-11
9.96274e-12
104.789
5.76731e-11
3.2125
-1512.5
3212.5
-1606.25
2518.15
-1606.25
5.23945
-2661.75
-11.7158
3212.5
-5.6875e-12
-2.28251e-12
-5.23945
-1606.25
3.88633e-12
2670.82
6.76411
16.4016
-5.67785
6.76411
6.76411
6.76411
1.19989
16.4016
-5.67785
6.76411
6.76411
6.76411
-1599.49
6.76411
6.76411
6.76411
3219.26
6.76411
6.76411
6.76411
-1599.49
-799.743
3.38205
1342.18
15.4609
23.7946
-2.83893
3.38205
3.38205
-3.59168
12.6788
-7.39295
-2.83893
-2.36582e-14
3.28088e-14
104.789
-1606.25
6.01214e-13
8697.48
3.05695e-11
4149.76
-2514.94
2.19835e-12
4181.76
-1606.25
-4948.74
2.62475e-12
6.13538e-12
12.442
19.0875
-5.23945
-803.125
1.93051e-12
1331.82
6.22098
-4.725
-3.60125
-2.00621e-14
3.79647e-15
-1.02957e-14
-5.56421
9.6375
-12.442
-1.69413e-14
2.98702e-14
-2.67494e-15
-1606.25
7.48984e-13
1.25544e-12
2.9674e-12
3212.5
7.98916e-13
-3.99458e-12
8.43142e-12
-1606.25
-1.49084e-12
2.62501e-12
6.13454e-12
12.442
16.0625
-2.08423e-14
-798.587
-5.85789
1331.82
6.22098
-3.2125
-6.22098
6.71484e-11
3025
2.09127e-11
-5.56421
9.6375
-12.442
-4.16077e-11
-1512.5
-6.17882e-12
-1606.25
8.21812e-12
6.76411
11.7158
3227.63
8.46302e-13
-3.98283e-12
8.4203e-12
-1613.01
11.7158
-15.125
6.07828e-12
12.442
16.0625
104.789
9.93131e-12
2.09029e-11
8690.3
12.442
921.199
-2514.94
6.76411
6.76411
6.76411
1.9941e-12
4440.96
13953
-4.57979e-12
937.262
9622.08
-5.53815e-12
4181.76
4.06894e-12
-4948.74
4545.75
104.789
-5150.69
104.789
104.789
108.002
99.2249
104.789
104.789
104.789
104.789
50.7883
55.1766
104.789
1387.81
2272.87
9249.36
52.3945
52.3945
3605.97
52.3945
4863.43
2143.27
-1.40253e-11
4440.96
-4.57744e-13
-5255.48
5.23945
9.075
3.2125
-5.56421
1.10415e-14
-5.23945
9.075
3.27845e-14
5543.35
5.56421
-1.36623e-11
3608.08
4.65081e-12
17533.2
-1488.1
-1.46539e-12
2.32792e-12
2474.37
4103.32
2627.74
-5.70655e-12
7.98916e-13
9622.08
-6.67666e-12
-2.71275e-11
3.88045e-12
-1.53363e-12
4440.96
-4.56524e-13
-5255.48
-1.06998e-14
1.42664e-14
3.2125
-5.56421
9.3623e-15
1.15914e-14
-1.96163e-14
2.58578e-14
-3.2125
5.56421
-2.70838e-14
2670.82
1.25544e-12
4440.96
-3.85632e-12
1.92662e-12
2090.88
-2474.37
7031.52
2627.74
-5.70907e-12
3.025
9616.84
-6.67949e-12
-2.71264e-11
3.86408e-12
-1.47234e-12
4437.93
5.23945
-5255.48
9.74217e-12
104.789
3.2125
-5.56421
8697.48
2.8978e-11
-3.07559e-11
-2514.94
-3.2125
5.56421
4181.76
2670.82
1.26174e-12
4440.96
-8.17819e-12
5.23945
9.075
-6.6712e-12
9622.08
-5.13494e-11
-1283.02
52.3945
52.3945
1516.62
52.3945
7967.99
-270.478
55.1766
61.7508
2674.28
52.3945
-3057.31
52.3945
-5.40183
9.35625
-4.34539
-1.01348
-1.44891e-12
-2627.74
-4.60719e-12
-1597.2
-1.5125
1.01348
1606.25
-667.706
3579.67
5.77088e-12
2690.58
919.214
3960.73
-2341.24
669.097
2.40937
539.1
-4.71874
-796.259
-8.61046e-13
7.44257
57.2133
-12.1
2774.89
-756.25
-2627.74
-2.5514e-12
-1852.22
-8.86095e-12
-1489.71
1607.76
-2.61973
7918.98
-0.00625
3166.93
1824.62
-1.5125
-2221.25
672.164
-1.5625
-58.0555
0.803125
3975.21
-329.021
2.78211
9.35625
2632.11
-1.12156e-11
-3121.8
1.81287e-14
-5.40183
9.35625
-5.85789
1.6125
-1.4436e-12
-2627.74
-2.81157e-11
-1597.2
-3.65541e-12
-1.6125
1612.5
-756.25
7915.6
-6.97636e-12
3172.98
1827.35
7.5625
-2222.56
668.994
2.26875
315.304
2019.11
3968.83
-1581.95
465.555
4.81875
9184.07
-1488.1
-3124.42
4.5375
2465.73
4.81875
-2928.2
1.6125
1512.5
-2627.74
-4.95702e-12
-3109.7
-754.737
-1.6125
1612.5
-3.05062e-11
7921.46
7.5625
3171.47
3333.99
1.92488e-12
-3113.08
1398.86
-7.5625
1186.79
-754.637
-1.18668
-3.97082
2.08566e-14
-3.57579e-14
3.80316e-15
-1.60625
-8.78723e-12
6136.49
-2.87854e-11
-8.99213e-12
5.98899e-12
-1.17386e-11
2090.88
-803.125
-2474.37
-5.8062e-12
1335.41
1.5125
0.16238
4.81875
-6.22098
8.57647e-15
-1.5125
2.61973
-2.78211
1.79584
-3.07459
803.128
2265.11
-0.796137
-628.734
803.125
-401.563
1045.44
-1.16428e-11
3.125
1.79584
-803.125
1.2631e-11
-5.85987e-12
1335.41
-3.125
2.78211
4.81875
-1.02483
3.36658e-14
0.0108253
0.01875
-2.80631
-4.13722e-12
-2.528e-11
1606.25
-0.0108253
-8.26919e-12
1.98452e-12
4.92783
-401.562
-1.72713e-12
-1.05696e-11
2264.31
0.233342
1612.5
-1.98034e-11
3.13638e-12
2090.88
-2.30102e-11
-2474.37
-806.25
1.26708e-11
1.5125
1337.99
6.97077e-12
2.79293
4.8375
-6.24519
-1.5125
2.61973
1.01943e-14
-2.79293
-4.09961e-12
-4.54836e-11
6142.74
-4.61589e-13
-1257.47
2.17949e-11
1.80283
642.315
2265.12
-1.23893e-11
-0.80625
3.11269
1612.5
2090.88
-2.22045e-13
-2474.37
1.5125
-2.61973
-806.25
1.26576e-11
-5.82502e-12
1339.09
2.61973
2.79293
4.8375
-6.24519
-3.66069e-12
4530.24
-8.60611e-12
-1260.26
-3.50853e-12
-2.54858e-11
3703.38
-4.19868e-12
-8.2921e-12
2.09372e-12
2.61973
-801.713
-3.44155e-12
-2.11149e-11
4.01225e-12
3.60566
17.6814
25.1375
-4.81819e-15
4.6841e-14
-5.08161e-14
-7.18337
-5.23945
9.075
9622.08
-5.07362e-11
7.78839e-11
-2670.82
-6.86366e-12
14907.2
4440.96
-1.28087e-11
-306.74
-6.61804e-12
-5856.4
3.48593e-14
3.2125
-5.56421
3.025
-2.88138e-15
6.22098
8.03125
-2.13261e-11
4811.05
-1.48829
1508.94
-1335.41
1.99917e-11
4811.04
2220.47
2976.21
-2091.66
37.44
6.73876e-12
4440.96
-10.3923
-5255.48
3.66755e-14
17.28
-5.43385e-14
-17.2369
-5.56421
2.18874e-14
-9.72313e-15
0.0125
-0.0216506
-4.27027e-11
9622.08
-1.063e-12
1.18344e-11
-1324.63
26.7825
-9.79604e-12
2220.48
-5.19615
-6.22539
9.075
-1.93887e-13
9659.52
-5.84117e-11
1.67991e-10
-2681.21
14907.2
1.99893e-11
4458.24
4948.74
-5275.93
-5856.4
-4.67855e-15
4.50855e-15
3.225
-5.58586
3.025
-2.18488e-15
1.00694e-11
1.31997e-13
-4.28896e-11
9659.52
-3.025
3025
-1336.98
12.6
-1.5169e-11
2229.12
2976.21
-759.856
-6.67102e-12
14907.2
9659.52
-3.29012e-11
4948.74
-2681.21
-5856.4
6.94459e-12
4458.24
3.025
-5275.93
-2.01315e-15
-2.36963e-15
3.39997e-14
3.225
-8.61086
3025
-8.82235e-12
-6.92446e-12
-1.06324e-11
-4.09345e-11
15611.9
-1512.5
1.74684e-11
-2681.21
2514.94
-3.00191e-11
1482.03
3.025
-5.23945
1.09708e-12
7.18627e-13
2520.5
9.6375
-2976.21
3.025
6316.12
6.76411
-1.65188e-11
8.63682e-11
-1.10921e-12
15828.2
-3155.44
-6.76411
8.13686e-12
5255.48
-2.31217e-11
-6219.4
3025
-4.55341e-12
-1.46122e-13
-9.51597e-12
4.1532e-12
3.2125
-756.25
1614.89
-800.343
1263.89
-803.125
2.61973
1829.82
-5.83914
1606.25
4.03053e-11
12.2984
7912.98
-3160.68
1.42029e-11
8.14181e-12
5317.08
-12.2984
-6219.4
2.35606e-14
20.4494
-1.08499e-13
-24.2
-3.81496e-14
3.2125
8.0643e-15
3212.5
-1606.25
3.225
-1606.25
12.5
-1338.54
0.00625
2863.39
4.8375
-1493.3
1.5125
6340.72
6.76411
-1.65796e-11
8.66991e-11
-1.11413e-12
15889.8
-3167.74
-6.76411
8.19353e-12
5275.93
-2.32208e-11
-6243.6
3025
-3.94272e-11
-2.16797e-12
-1.15847e-11
-2.48369e-11
3.225
-1512.5
3225
-1612.5
2518.16
-1612.5
5.23945
-1332.69
-5.85789
1615.29
4.8375
-1.5125
-3.72024e-12
6339.2
-2.75764e-11
-2.53829e-11
3025
-4.05477e-11
15892.8
-3172.98
3.33511e-12
1.2584e-11
3763.43
-5.21819e-12
-6243.6
2514.94
1.26149e-11
5.23945
9.075
-11.7158
3.225
-2.38289e-14
3225
-1617.74
12.3
-1624.22
1.846e-12
-2681.21
-3.17075e-11
6250
-6.15527e-12
-1.32427e-12
-4.38258e-11
-1597.18
-11.7158
2670.82
-1.53233e-11
9.6375
-12.442
-4.58752e-12
3025
9.87156e-13
-5.56421
9.6375
-12.442
2.61606e-12
-1512.5
-5.4674e-13
-1606.25
-7.5559e-13
6.76411
11.7158
3227.62
7.86506e-13
-4.04496e-12
8.41505e-12
-1613.01
-791.017
-7.5625
1335.41
6.22098
9.725
-6.22098
5.19615
4.60728e-13
4526.67
3.41467
-3.2125
-1263.69
-1.69814e-14
-0.0216506
0.0375
-1606.3
7.48918e-13
1.25556e-12
2.96739e-12
3206.25
8.01831e-13
-3.9897e-12
8.44297e-12
-1593.75
-1.48773e-12
2.60947e-12
6.16734e-12
6.19196
16.0625
-1.06282e-14
-801.713
-5.83368
1337.05
6.22098
-3.19375
-6.24519
-3.94615e-11
3025
-5.9806e-13
-5.58586
9.675
-12.4904
1.97037e-11
-1512.5
-1.33356e-11
-1612.5
1.47364e-11
6.76411
11.7158
3240.12
7.38268e-13
-4.03028e-12
8.42309e-12
-1619.26
11.7158
-15.125
6.19367e-12
12.4904
16.125
-1.07679e-11
-806.25
1.04563e-11
5110.99
6.24519
-3.225
-1263.71
6.76411
11.7158
15.125
-5.58586
9.675
-12.4904
-6.76411
11.7158
-15.125
-1612.5
-9.99506e-12
2.7649e-12
2.55243e-12
12285.5
-2.07574e-11
-1.01317e-10
-2514.94
-1612.5
2.73757e-11
4181.76
-7.62457e-12
-4936.25
16.125
1.3262e-15
-7.82534e-14
3.025
-12.4508
12.4904
-16.125
-3.87503e-14
-4.13697e-14
2.0453e-12
4181.76
-2.81433e-12
-507.783
5255.48
-5.68556e-12
7.74568e-13
9625.11
-5.23945
-2.71601e-11
3.88969e-12
-1.54959e-12
4440.96
-3.025
-5250.24
-3.13751e-14
1.01585e-13
3.2125
-5.56421
1.78975e-12
9060.48
1.20069e-11
-4.80276e-14
-1259.09
2.80631
-0.03125
3426.29
2220.48
4848.22
-6.9557e-12
-7.21839e-13
4822.3
14.7622
4811.04
-2.37235e-11
37.44
4440.96
-5.62078e-13
-5255.48
-1.66672e-14
17.28
3.2125
-26.0136
9.32067e-15
1.16469e-14
0.0125
-0.0216506
-3.2125
5.56421
-2.71601e-14
2670.82
-0.0125
4440.98
6.10403e-13
5.19615
2090.88
8.64
4565.79
2637.97
-5.7128e-12
7.81455e-13
9662.55
-5.23945
-2.72538e-11
3.90814e-12
-1.56185e-12
4458.24
-3.025
-5270.69
3.22884e-14
-2.13507e-12
3.225
-5.58586
-3.46344e-11
9060.48
-1.85867e-11
9.39596e-12
-2518.16
5.58586
-1.23534e-11
6862.97
7.66484e-12
4458.24
-4.10032e-12
-1.5125
5.23945
4.5375
7058.88
2637.97
-2.72882e-11
9060.48
9659.52
-1.41648e-12
-2514.94
3.28385e-11
-1.23617e-11
8640
1.62398e-11
-5275.93
-4.24365e-14
4.79061e-14
8.46445
3.48914
-2.3136e-14
2.80088e-14
-4.73996e-14
6.20615e-14
-8.46445
14.6609
5952.41
2681.21
-3.51181e-11
4458.24
7.35774e-12
14907.2
-2976.21
-3.15614e-12
9659.52
4948.74
-1335.41
1.38762e-12
-2.61973
2225.02
-5.65569e-12
10922.6
-1586.49
2.78211
4.81875
2637.97
7453.6
-4609.9
-2.34607e-12
-2.78211
2479.19
1.99445e-12
-2926.59
-1.43331e-12
-2627.74
-4.31938e-12
-3109.7
-3.68112e-12
-0.1
1612.5
-667.706
3957.8
9.36
2696.73
907.392
4729.45
-2348.1
676.015
2.40937
525.738
1488.91
-1939.61
0.01875
-2.78211
4.81875
-2.06775e-14
1.6125
-0.0108253
-2627.72
-4.31129e-12
-3109.7
-3.71472e-12
-11.8372
1612.5
-12.1
7915.6
1.2848e-11
3172.98
1821.49
30.8
-2225.15
670.304
3.80247
323.584
-5.24375
5460.71
-1586.49
2.79293
4.8375
2637.97
7453.6
-4609.9
7.9711e-12
-2.79293
2479.21
-1.10884e-11
-2926.59
-1.4392e-12
-2637.97
-4.33661e-12
-3121.8
-3.70563e-12
-0.1
1612.5
-3.28829e-11
7946.4
1.2878e-11
3172.98
1830.2
1512.5
-2231.2
-793.796
-6.25375e-12
318.386
1488.91
3594.48
-1586.49
1.68571
9.375
2632.11
-1.1237e-11
-3121.8
1.50964e-14
1508.19
1517.34
-756.25
1.6125
2976.21
-3388.36
7.5625
-3121.8
1257.47
-1.6125
121.015
7.37039
7936.22
3.38205
3172.98
1830.2
4532.86
-3125.18
1340.61
-6.44937e-13
2016.89
-2472.76
-1.18043
3.60566
4.92315e-15
-8.50361e-15
-4.08397e-15
-1.6125
-7.10365e-12
1612.5
-2.53784e-11
-1.14575e-13
5.0413e-12
-1.3792e-11
3.55183e-12
-806.25
1.26605e-11
-5.829e-12
1340.61
6.96043e-12
2.79293
4.8375
-6.24519
6.71338e-15
1.12519e-14
-1.43359e-16
-2.79293
1.80283
-1.26867e-11
806.25
2.66018e-14
-0.80625
-2.50633e-12
806.25
-403.125
-1.77502e-12
-8.03815e-12
-4.88734e-12
1.80283
-806.25
1.26605e-11
-5.829e-12
1340.61
6.96043e-12
2.79293
4.8375
-6.24519
6.71338e-15
1.12519e-14
-1.43359e-16
-2.79293
-4.15334e-12
-2.53784e-11
1612.5
5.72875e-14
-8.28521e-12
2.09099e-12
1.80283
-403.125
-1.72198e-12
-1.05608e-11
-0.80625
1.80283
1612.5
-2.53784e-11
-1.14575e-13
5.0413e-12
-1.3792e-11
3.55183e-12
-806.25
1.26605e-11
-5.829e-12
1340.61
6.96043e-12
2.79293
4.8375
-6.24519
6.71338e-15
1.12519e-14
-1.43359e-16
-2.79293
-4.15334e-12
-2.53784e-11
1612.5
5.72875e-14
-8.28521e-12
2.09099e-12
1.80283
-402.369
-1.30986
-1.05405e-11
-0.80625
1.80283
1612.5
-1.5125
2.61973
5.00068e-12
4.90774e-12
2.96074e-12
3723.99
1.27915e-11
-1257.47
3431.49
6.99655e-12
2.79293
7.45723
-1.70769
4.40759e-14
-1.26769e-14
4.07874e-14
-2.79293
-2.61973
4.5375
1612.5
-7.37826e-12
1.49413e-10
2.22197e-12
7453.6
-806.25
2474.37
-2928.2
4.03198e-12
3.60566
12.4904
16.125
7.38472e-15
4.02803e-14
-4.00565e-14
-7.21132
1.05409e-11
-2.2915e-13
9659.52
-4.2869e-11
8.66832e-11
-2681.21
1.18872e-11
6.93179e-12
4458.24
-1.96554e-11
-5275.93
9.84629e-15
-1.79023e-14
2.19304e-14
3.225
-5.58586
2.20423e-14
-9.84629e-15
6.24519
8.0625
-2.14308e-11
4829.76
-5.73211e-13
-3.60566
-1340.61
2.0892e-11
4829.76
2229.12
5.51518e-11
-1340.61
1.18872e-11
6.93179e-12
4458.24
-1.96554e-11
-5275.93
9.84629e-15
-1.79023e-14
2.19304e-14
3.225
-5.58586
2.20423e-14
-9.84629e-15
1.00826e-11
1.14575e-13
-4.2869e-11
9659.52
-1.10636e-12
1.188e-11
-1334.36
8.0625
-9.8238e-12
2229.12
1.17901e-11
-3.60566
1.05409e-11
-2.2915e-13
9659.52
-4.2869e-11
8.66832e-11
-2681.21
1.18872e-11
6.93179e-12
4458.24
-1.96554e-11
-5275.93
9.84629e-15
-1.79023e-14
2.19304e-14
3.225
-5.58586
2.20423e-14
-9.84629e-15
1.00826e-11
1.14575e-13
-4.2869e-11
9659.52
-1.10636e-12
1.188e-11
-1334.36
8.0625
1.5125
2229.12
1.17756e-11
-3.60566
1.04597e-11
-8.8516e-14
9656.49
3025
6.25025e-11
-2681.21
3.83247e-11
1.29971e-11
10410.7
-1512.5
-5275.93
2514.94
-2976.21
3.025
-2.01445
1.17824
4.93295e-14
-5.77038e-14
1.00655e-11
-3.025
5.23945
9652.76
-1.11539e-12
1.18804e-11
-2681.21
1.78326e-11
3025
4458.24
2.92491e-11
4.92757e-11
2.24758e-14
-3.37907e-14
5.58586
9.675
2.52871e-14
-1.74548e-14
6345.96
-2.75839e-11
-1.65704e-11
8.66832e-11
-1.10636e-12
15892.8
-3172.98
1.39209e-11
8.17779e-12
5275.93
-2.32193e-11
-6243.6
-8.16795e-15
1.40981e-14
-1.85737e-14
2.20423e-14
-3.82663e-14
3.225
1.53219e-14
1612.5
-803.457
6.45
-806.25
9.07873e-13
1832.37
-9.92506e-12
1612.5
4.04772e-11
-1.69893e-12
7946.4
-3172.98
1.39209e-11
8.17779e-12
5275.93
-2.32193e-11
-6243.6
-8.16795e-15
1.40981e-14
-1.85737e-14
2.20423e-14
-3.82663e-14
3.225
8.16795e-15
3225
-1612.5
3.225
-1612.5
1.8332e-12
-1340.61
3.85001e-12
1615.29
4.8375
-1.13311e-12
-3.73242e-12
6345.96
-2.75839e-11
-1.65704e-11
8.66832e-11
-1.10636e-12
15892.8
-3172.98
1.39209e-11
8.17779e-12
5275.93
-2.32193e-11
-6243.6
-8.16795e-15
1.40981e-14
-1.85737e-14
2.20423e-14
-3.82663e-14
3.225
8.16795e-15
3225
-1612.5
3.225
-1612.5
1.8332e-12
-1340.61
8.4712e-12
859.043
4.8375
1257.47
5.34876e-12
6351.2
9.075
-11.7158
8.66748e-11
-1.02484e-12
15892.8
-3178.22
9.075
-11.7158
5275.93
-2.31929e-11
-6243.6
-2.09379e-11
-5.73747e-11
3025
2.52774e-11
2.06866e-11
3.225
3.85021e-12
3225
-3125
3.225
-1612.5
9.36951e-12
-2674.45
11.7158
3240.12
-5.66926e-12
-2.26799e-12
-7.52084e-12
-1612.5
3.89555e-12
2681.21
-1.54103e-11
9.675
-12.4904
-2.01401e-14
3.81124e-15
-1.03358e-14
-5.58586
9.675
-12.4904
-1.70072e-14
2.99864e-14
-2.68535e-15
-1612.5
7.51899e-13
1.26033e-12
2.97895e-12
3225
8.02025e-13
-4.01013e-12
8.46423e-12
-1612.5
-806.25
3.26539e-12
1340.61
6.24519
12.9
-6.24519
-3.51334e-14
-8.16445e-15
-3.60566
3.45225
-3.225
-6.24519
-1.70072e-14
2.99864e-14
-2.68535e-15
-1612.5
7.51899e-13
1.26033e-12
2.97895e-12
3225
8.02025e-13
-4.01013e-12
8.46423e-12
-1612.5
-1.49664e-12
2.63523e-12
6.15841e-12
12.4904
16.125
-2.09234e-14
-806.25
1.93771e-12
1337
6.24519
-3.225
-6.24519
-2.01401e-14
3.81124e-15
-1.03358e-14
-5.58586
9.675
-12.4904
-1.70072e-14
2.99864e-14
-2.68535e-15
-1612.5
7.51899e-13
1.26033e-12
2.97895e-12
3225
8.02025e-13
-4.01013e-12
8.46423e-12
-1612.5
-1.49664e-12
2.63523e-12
6.15841e-12
12.4904
16.125
-2.09234e-14
-809.632
5.85789
1329.44
6.24519
-3.225
-6.24519
2.64174e-11
5.63253e-12
2.5245e-11
9054.89
9.675
-12.4904
-2514.94
1.7495e-12
4.41028e-12
2569.26
-1.93484e-12
-4948.74
2.9946e-12
3225
8.63736e-13
3.025
-5.23945
-1612.5
-1.50566e-12
2.63565e-12
6.19745e-12
9.46537
21.3645
-6.03849e-14
6.01519e-12
4.92412e-11
-7.21132
12.4904
9044.35
-9.50993e-12
3.93852e-14
-3.35669e-15
1.8332e-12
7.94864e-13
4458.24
5275.93
-5.72875e-12
8.02025e-13
9659.52
-6.70264e-12
-2.7233e-11
3.89555e-12
-1.5396e-12
4458.24
-4.583e-13
-5275.93
-1.07414e-14
1.43219e-14
3.225
-5.58586
9.39873e-15
1.16365e-14
-1.96926e-14
2.59584e-14
-1.6125
2.79293
9.03006e-13
1340.61
2229.12
4867.09
-6.97117e-12
-7.44738e-13
4829.76
-6.70264e-12
4829.76
-2.38253e-11
-1.5396e-12
4458.24
-4.583e-13
-5275.93
-1.07414e-14
1.43219e-14
3.225
-5.58586
9.39873e-15
1.16365e-14
-1.96926e-14
2.59584e-14
-3.225
5.58586
-2.71892e-14
2681.21
1.26033e-12
4458.24
-4.08711e-12
-1.14743e-12
-1.08846e-12
-2.95389e-12
7058.88
2637.97
-5.72875e-12
8.02025e-13
9659.52
-6.70264e-12
-2.7233e-11
3.89555e-12
-1.5396e-12
4458.24
-4.583e-13
-5275.93
-1.07414e-14
1.43219e-14
3.225
-5.58586
9.39873e-15
1.16365e-14
-1.96926e-14
2.59584e-14
-3.225
5.58586
-2.71892e-14
2681.21
1.26033e-12
4458.24
4.40299e-12
-1257.47
3.05284e-13
-1.70547e-11
9149.76
2637.97
-5.73631e-12
8.71778e-13
9659.52
5.23945
9.075
3.85483e-12
-1.57025e-12
4458.24
-4.24716e-13
-5281.17
9.075
-6.39714e-14
5955.64
-5.58586
-4.12589e-11
1.86189e-10
-9.50724e-12
14907.2
-2979.43
5.58586
5.23592e-13
7629.96
-9.45305e-12
-1398.16
-8.2307e-12
-2.26232e-12
-4.04791e-12
-6.64742e-12
9659.52
3.025
-2681.21
2.7498e-12
-2.2915e-13
4458.24
-1.73456e-11
4.11894e-15
-2.75249e-14
5.58586
9.675
-4.74412e-14
2.01401e-14
-3.53571e-14
4.47559e-14
-5.58586
9.675
-4.67699e-14
-7.50466e-12
-2.8787e-12
-5275.93
-8.67369e-12
-6243.6
-7.44738e-12
8.46423e-12
-2.7233e-11
-1340.61
7946.4
7.47602e-12
2229.12
2637.97
-8.66984e-12
-3121.8
2.79293
4.8375
-1.90212e-14
1.79023e-15
1.6125
4.47559e-14
-5.58586
9.675
-4.67699e-14
-7.50466e-12
-2.8787e-12
-5275.93
-8.67369e-12
-6243.6
-7.44738e-12
8.46423e-12
-2.7233e-11
-5.15462e-11
15892.8
1.51812e-11
-5.68579e-12
5275.93
-1.73438e-11
-4462.41
1.38128e-12
-1.22855e-13
2229.12
-8.68107e-12
1.6125
-2.75249e-14
5.58586
9.675
-4.74412e-14
2.01401e-14
-3.53571e-14
4.47559e-14
-5.58586
9.675
-4.67699e-14
-7.50466e-12
-2.8787e-12
-5275.93
-8.67369e-12
-6243.6
-7.44738e-12
8.46423e-12
-2.7233e-11
-5.15462e-11
15892.8
1.51812e-11
-5.68579e-12
5275.93
-1.73438e-11
-4462.41
1.36365e-12
-9.25241e-14
2229.12
-8.65179e-12
0.1
3025
5.58586
9.675
1.09145e-11
1.26747e-11
5952.41
-1512.5
-5.58586
9.675
2514.94
3.60407e-11
-2976.21
-5272.91
-5.23945
-6236.84
-7.43835e-12
8.46381e-12
-2.72502e-11
-3.025
15898
-6.76411
-5.69481e-12
5275.93
-1.73267e-11
-6243.6
3025
3.34602e-11
1.26639e-11
-6.08859e-12
3.225
0
0
0
0
0
0
0
0
0
0
0
0
0
0
0
0
0
0
0
0
0
0
0
0
0
0
0
0
0
0
0
0
0
0
0
0
0
0
0
0
0
0
0
0
0
0
0
0
0
0
0
0
0
0
0
0
0
0
0
0
0
0
0
0
0
0
0
0
0
0
0
0
0
0
0
0
0
0
0
0
0
0
0
0
0
0
0
0
0
0
0
0
0
0
0
0
0
0
0
0
0
0
0
0
0
0
0
0
0
0
0
0
0
0
0
0
0
0
0
-40494.1
3212.5
-2.67142e-12
6.68732e-12
-1606.25
2670.82
5.56421
9.6375
-12.442
1.21527e-12
1.22352e-12
1.19989e-12
-5.56421
9.6375
-12.442
1.22865e-12
1.17381e-12
1.23032e-12
5.20362e-12
-1606.25
6.98334e-12
-1.60538e-13
6.1024e-12
-6.78013e-12
3212.5
1612.11
7.5625
-4.51287e-12
-803.125
532.286
-0.599946
10.6766
-10.1918
6.22098
8.03125
-4.06875e-15
49.6124
9.6375
-12.442
8697.48
-7.28102e-12
937.262
-2514.94
-1606.25
1.16045e-11
4181.76
-1.27342e-11
-4948.74
3212.5
-1.76651e-12
-2.74334e-12
3.025
-5.23945
-1606.25
-6.5684e-12
1606.25
3.59168
4.70848
-792.474
1335.41
2.78211
9.6375
-12.442
6.24154e-15
1.44823e-14
-9.14636e-15
-5.56421
9.6375
-12.442
1.96163e-14
-3.52201e-14
2.12881e-14
3.99458e-12
-1606.25
5.77431e-12
-1.36957e-12
4.89336e-12
-7.98916e-12
3212.5
-1.76903e-12
-2.73914e-12
-1.5693e-11
3.99458e-12
-1606.25
-6.56966e-12
1600.39
3.59168
6.22098
-795.094
1335.41
2.78211
3034.64
-12.442
4.38227e-12
-3.14472e-11
1.3129e-11
-5.56421
-1502.86
-12.442
3.03294e-11
2.65904e-11
6.76411
11.7158
-1591.12
5.71032e-12
-1.26546e-12
4.81528e-12
-6.76411
3224.22
-15.125
-2.73662e-12
-1.5698e-11
3.9992e-12
-1501.46
9.6784e-12
-7.89863e-12
8704.66
12.442
953.324
-2514.94
-1.2813e-11
5.23945
1.89163
12.442
-16.0625
3.00558e-14
-5.23945
9.075
2670.82
2.28304e-12
-5.77389e-12
4440.96
6.73414e-12
5255.48
6.39175e-12
-3.88003e-12
-1.76861e-12
9622.08
-2.81129e-14
5.60851e-11
-2670.82
1.82651e-12
7.4867e-12
4440.96
-3.28084e-12
-2575.35
-3.59168
6.22098
4340.71
1.60625
-2.78211
-1257.47
1333.8
2.78211
2090.88
2220.48
1335.41
5255.48
6.397e-12
5.23945
9.075
9622.08
-2.18159e-14
5.60809e-11
-2670.82
-5.23945
9.075
4440.96
5546.57
-5255.48
-1.33629e-11
937.262
-5.02374e-12
13095.4
-2981.77
6.46172e-12
-5.19793
2483.37
-8.03125
-2928.2
1335.41
2.7864e-14
2670.82
2.28262e-12
-5.77431e-12
4440.96
6.73372e-12
5255.48
6.39133e-12
-3.88045e-12
-1.76903e-12
9622.08
-2.85327e-14
5.60847e-11
-2670.82
1.82609e-12
7.48628e-12
4440.96
-3.28126e-12
-5255.48
3.63061e-15
-1.69413e-14
2.22912e-14
3.2125
-5.56421
3.10665e-12
2085.68
9.00309
-2482.4
9.25528e-13
1335.41
-3.38471e-14
2673.85
-5.23945
-5.77757e-12
4440.96
6.73205e-12
5255.48
-3.025
5.23945
-1.76557e-12
9622.08
104.789
6.04607e-11
-2670.82
8697.48
4.03082e-11
4440.96
-2514.94
-5255.48
3.28398e-11
4181.76
-3.75954e-11
3.2125
-5.56421
1.57973e-13
2.02695
14.6392
1.68632e-14
1.82861e-12
2670.82
1.14173e-12
6.73414e-12
4440.96
1.62302e-11
-4.10829e-12
5.4787e-12
-2.73872e-12
-2.81129e-14
9622.08
-3.78407e-11
937.262
-2670.82
13092.2
-3.44247e-12
4440.96
4948.74
9.59996e-15
-5856.4
5546.57
5552.13
5556.2
5546.57
5541
5556.2
2773.28
1192.94
4993.76
2773.28
147.054
2773.28
-336.417
5933.97
7584.32
2773.28
2771.77
10866
8.99991e-12
-1.76285e-11
4545.75
4.18576e-12
5546.57
-1512.5
1.13112e-12
5.56421
2524.58
-1.84786e-12
-2981.77
12.6625
-5.23945
-3153.92
-7.24626e-12
4.77336e-12
-5255.48
-3.025
-3107.08
3157.3
2220.48
3.61545e-11
-1.96436e-11
7915.6
-2.73914e-12
-2.85327e-14
9622.08
-3.51809e-11
2.28262e-12
-2670.82
1.36957e-12
-3.28126e-12
4440.96
4.50817e-12
6.24154e-15
7.83675e-15
-5.10468e-14
5.56421
9.6375
1.2706e-14
-5.56421
9.6375
2.71953e-14
-3160.68
-7.24731e-12
4.77923e-12
-5255.48
-1.62262e-11
-3109.7
3158.06
2225.02
3.61604e-11
2773.28
7915.6
-3.42009e-11
937.262
9622.08
13092.2
-2976.21
-2670.82
8.73124e-12
4948.74
4440.96
-5856.4
4.35242e-15
1.67576e-14
-7.8334e-14
5.56421
9.6375
3.025
-5.56421
9.6375
3.13933e-14
-3160.68
-7.25319e-12
-3.025
-2230.48
-5.12613e-11
-6219.4
6426.15
-1.32548e-11
5546.57
-1512.5
15831.2
2385.88
5546.57
5546.57
10802.1
5546.57
-672.833
5546.57
5546.57
5546.57
5546.57
5546.57
5549.78
5546.57
5546.57
5546.57
5546.57
5546.57
5543.35
-1606.25
3.98975e-12
-2670.82
-1.82505e-12
-3157.66
3212.5
-67.841
1.03612e-11
2.01043e-12
2680.14
3159.17
-3912.83
-756.25
5.50957e-13
1335.41
1257.47
-1580.34
5.83223
9.075
-11.7158
4.34548e-16
1.46432e-14
3.47227e-15
-8.45195
-1597.17
-11.7158
-2670.82
-1.82358e-12
-3160.68
3212.5
1.88618e-11
3025
-3.63329e-12
-2.97276e-12
6321.36
-1606.25
-1580.34
-756.25
1335.41
2627.74
-1580.34
-3104.71
1.44893e-15
-2.67494e-15
3.34368e-15
8.14348e-15
-3.81179e-14
3.2125
-1.67184e-15
2.89786e-15
-3.34368e-15
-5.23843e-15
8.69357e-15
-3.2125
-1606.25
3.99458e-12
-2670.82
-1.82609e-12
-3160.68
3212.5
-1.82609e-12
-7.6753e-12
-6.26293e-12
2.86754e-12
6321.36
-1606.25
-1580.34
1257.47
1335.41
1139.64
-1578.83
-3110.71
6.76411
-3.93435e-15
5.44269e-15
6.35932e-15
-3.025
8.45195
-6.76411
3.52756e-15
-4.60309e-15
-3.24437e-15
-3.50264e-11
3021.79
-1606.25
6.45295e-12
-2566.03
-6.6684e-11
-3160.68
1700
2.39666e-11
-3.46972e-11
2514.94
3.52159e-11
6326.6
-1597.17
-11.7158
-8.22412e-13
2670.82
-9.79503e-12
-3165.92
12.2875
-5.56421
7.18337
-1.40053e-14
1.76482e-14
-1.47855e-14
-3.2125
5.56421
-7.18337
1.18525e-14
-2.33676e-14
9.29812e-16
-1606.25
-2.05677e-12
-2670.82
-7.64919e-12
-1.82851e-12
3212.5
-6.27961e-12
3.54991e-12
-4.45352e-12
4.1063e-12
1.82368e-12
-1606.25
1.18101e-11
3.07578
1346.57
9.4782e-12
2.78211
4.81875
1501.29
8.63999
-11.1542
52.3945
-2.78211
2778.1
-1513.2
-2.58499e-12
-2670.82
8697.48
2.00616e-11
4149.76
-2514.94
5.62111e-12
5.7182e-12
4181.76
-1.34972e-12
-6554.99
1.18136e-11
-6.95318e-12
2670.82
3.025
0.32476
9.6375
-12.442
-2.78211
3.59168
-1.5125
-0.16238
4.81875
-7.82723
5.56421
-7.18337
1.42664e-14
-2.09537e-14
3.34368e-15
-1606.25
-2.05436e-12
-2670.82
-7.64677e-12
-1.82609e-12
3212.5
-6.2772e-12
3.55233e-12
-4.45111e-12
4.10871e-12
1.82609e-12
-1606.25
1.18126e-11
-6.94772e-12
2670.82
1.89457e-11
5.56421
9.6375
-12.442
-8.63999
3.59168
-1.00765e-14
-2.78211
4.81875
-7.82723
3030.56
-7.18337
2.38591e-11
-2.66734e-11
3.84538e-12
-1606.25
-1512.5
-2670.82
-5.05674e-11
6.98641e-12
3219.26
11.7158
15.125
-4.42909e-12
4.16665e-12
1.80552e-12
-1613.01
11.7158
-15.125
2670.82
1.89424e-11
5.56421
114.427
-12.442
1.22087e-11
8697.48
-1.00834e-10
931.698
-2505.3
-12.442
1.36894e-13
1.27281e-12
2514.94
3.14826e-12
-4582.46
3.025
-5.23945
6.76411
-7.67426e-12
-6.27888e-12
3212.5
-3.025
5.23945
-6.76411
3.6524e-12
7.13276e-12
-1606.25
-8.47537e-12
3025
9.66843e-12
7.18337
117.231
16.0625
9.41227e-14
-703.855
-2.47165e-12
-3.59168
5612.43
-811.156
2.61973
-1252.93
-5.85789
1335.41
2090.88
1606.25
2217.86
-6.51074e-12
-6.22791e-12
5.23945
9.075
-1606.25
-7.40991e-12
-1.43459e-11
1.3084e-11
1.94391
21.517
16.0625
5546.57
1.4444e-11
-2.58327e-11
930.079
12.442
13076.1
-2976.21
1.10614e-12
5.88246e-12
3809.78
-9.81076e-13
-3731.33
2220.48
-1.36957e-12
1.05856e-11
-7.6753e-12
-6.2772e-12
3212.5
1.44804e-12
-6.53043e-12
-6.20587e-12
3.65219e-12
7.13318e-12
-1606.25
-7.40068e-12
-1.43484e-11
1.30537e-11
7.18337
12.442
16.0625
-1.33469e-14
-1.06998e-14
-2.65265e-14
-7.18337
12.442
-16.0625
4.85948e-14
3.01708e-12
2090.88
1335.41
-2474.37
-803.125
2220.48
-1.37209e-12
3.025
-5.23945
-6.28066e-12
3212.5
1.4472e-12
-6.52959e-12
-3.025
5.23945
7.13381e-12
-1606.25
104.789
9.49642e-12
-8.77729e-11
8704.66
12.442
16.0625
-2514.94
4.27991e-11
-4.51885e-11
4174.58
12.442
-16.0625
5.56396e-14
-4.71394e-14
5.23945
2679.9
-2.27758e-12
-5.82655e-12
4440.96
4243.07
-11.7158
4.51845e-12
-803.125
6146.45
2.78211
4.81875
1683.37
-3.96645e-14
-1.74491e-12
2220.48
-2.78211
-2622.92
-1518.72
-6.0673e-13
2.15244e-12
1.60625
3.982
-791.409
15.125
-6.69972e-13
2.43678e-12
-1.60625
1602.27
2121.29
-7.5625
665.108
-401.562
3785.78
27.5883
2.40937
-670.583
4445.2
4.02104
3749.33
-502.622
-2622.92
-6.22098
52.3945
-0.0108253
2774.91
-759.056
-803.125
4.40186e-12
1257.47
5.22701e-12
-1492.83
1610.54
-2.61973
3.38205
1335.41
6.25
1417.35
-1.5125
2121.43
756.355
1.54799
-399.109
5481.34
1.40345
-751.413
-1341.66
4.32798e-12
3.38205
2226.34
4.76957
-2622.9
-6.24519
3.5397e-14
-3.38205
7.46414
-10.3446
-806.25
2.90607e-12
-6.66332e-13
-4.11438e-12
-1.60625
1615.28
4530.24
-1.13278e-11
1335.41
-1257.47
1414.23
2090.88
3148.06
0.492966
5.39134
-1027.83
6868.74
0.0866025
2095.72
-873.025
-2474.37
6547.61
729.757
-4.30543
-2620.28
2468.13
4530.24
-2928.2
1.60625
-1260.25
-806.25
6.08287e-12
2090.88
1.5125
-1.60625
1615.28
-8.69128e-13
2.61973
1339.95
-1.5125
2924.11
4.5375
2976.21
56.0002
6.24519
2781.35
4054.79
7453.6
2.47728e-13
-3.59168
2097.1
-8.03125
-2474.37
-1.76734e-14
5.74584e-15
1335.41
1.5125
-2.61973
2220.48
3.36382e-12
2627.74
3.18916e-12
-1.5125
2.61973
4811.04
-1.19643e-12
3.14814e-11
-1335.41
-4.22232e-15
4530.24
2220.48
-1.29136e-12
-1942.59
-1.78022
3.11049
1041.42
0.803125
-1.39804
0.0121031
666.887
2.70092
2.26875
1110.24
670.304
2627.74
3.18443e-12
8.64
-8.71414e-13
4821.26
-1.83187e-15
2.80348e-11
-1335.41
18.72
3.74308e-12
2220.48
-5.19615
-2627.74
1.638e-14
8.64
4.76182e-15
-8.61843
-2.78211
-4.33909e-15
-2.60595
4.51677
-4.03666
-0.75625
669.012
2.06506e-14
1340.61
7.69607e-13
4.63456e-12
2229.12
4530.24
2637.97
-1257.47
2090.88
-8.98032e-13
4829.76
8.03264e-15
2.61973
-1336.07
8.86059e-13
3.76778e-12
2229.12
-1.59916e-12
-2640.59
4.5375
5.22152e-16
2976.21
1.6125
-2.79293
-744.052
-2.60908
3731.32
489.103
4.09902e-12
443.389
1.0208e-14
1340.61
1.13714e-12
1.5125
2229.12
3.37356e-12
2637.97
-1.5125
1512.5
-1.73845e-11
4829.76
-8.74079e-13
2.7295e-11
1635.6
-756.25
1.20329e-11
2229.12
1257.47
-2637.97
-1488.1
1.5125
-2.61973
4.99455
-2.79293
-1.5125
1.00723
-0.589121
1.41293e-14
9.05685e-13
1340.61
1.15936e-12
6.71022e-12
4435.72
9.075
-4.08793e-12
5952.41
-6.76925e-12
-2.16449e-12
9622.08
-5.19125e-11
14907.2
-5647.03
6.90425e-12
-7.55729e-13
9389.7
-7.1082e-13
-5856.4
1.75343e-16
-3.7823e-14
5.56421
9.6375
-2.29773e-14
-2.53921
9.6375
0.0108253
-1580.34
2220.48
5.19615
-2629.25
1512.5
-3101.06
3160.68
4811.04
1.14264e-11
2976.21
5823.94
37.44
-3.41815e-12
4440.96
-10.3923
1.15706e-14
-4.93082e-15
17.28
5.56421
9.6375
1.27365e-14
-5.56421
9.65915
0.0375
-3160.68
-0.0216506
0.0375
-5255.48
-12.2984
-6037.9
3160.68
2218.9
3.61589e-11
-12.1
7927.9
3.025
-3.01131e-14
9659.52
-3.53329e-11
2.33464e-12
-2681.21
-3.025
3025
4458.24
-1.1541e-11
-7.05986e-12
7.5173e-12
5952.41
-1506.91
9.675
1.23449e-11
2509.35
9.675
-2976.21
-3169.96
-5.23945
6.76411
-5275.93
-1.62759e-11
-3121.8
4683.97
2231.74
-3.38205
-2.10071e-11
7946.4
1.38005e-11
-1512.5
9659.52
-6.08418e-11
2514.94
-2681.21
5.23945
9.075
4446.52
4.51816e-12
6.08872e-15
6.62751e-15
-5.23945
14.6609
-2.04077
3.5005e-14
-5.58586
9.675
-7.73738e-12
-3172.98
3025
4.09592e-12
-5275.93
-3.40218e-11
-6243.6
6345.96
-1512.5
5.06036e-11
-7.69488e-11
15892.8
-3160.68
9.71889e-12
2514.94
5255.48
-2976.21
-6216.38
-5.23945
6.76411
-1.47451e-17
1.36009e-14
-4.50447e-14
0.1875
5.23945
-6.76411
4.21278e-15
4.72342e-12
3025
-3.2125
-1606.25
1.41531e-12
-2670.82
-4.19043e-12
-4673.18
3212.5
-1580.34
1257.47
3.45637e-12
2661.16
3159.07
-3918.68
1.73394e-12
10.2247
1335.41
-14.7197
-1575.8
-2.64539
-1.65883e-15
2.92954e-15
-3.492e-15
0.0125
8.68706e-15
-3.2125
-1606.25
3.99456e-12
-2670.82
-0.0125
-3166.93
3212.5
-10.3923
-7.68241e-12
-12.2984
12.5
6321.36
-1606.25
-73.9902
9.42332e-12
1347.71
2634.84
-1580.34
-3120.19
-1512.5
-3.26197e-11
3.63717e-12
2514.94
1.49806e-13
8.46445
9.075
-11.7158
-2.22216e-14
-1.43895e-14
-5.23945
5.85
-1624.22
4.02293e-12
-2681.21
1.00959e-11
-147.98
3225
1.93685e-11
-4.17059e-11
6.04483e-12
-9.05043e-12
4833.46
-1612.5
-1583.11
5.85789
1351.55
2643.82
-1578.93
-3120.19
-6.76411
11.7158
-15.125
3.67218e-14
-8.69634e-14
3.225
-1.72119e-12
-1.92483e-12
-7.05267e-13
9060.48
-1.04401e-10
-3.225
-4127.44
3.31881e-11
-2681.21
4181.76
-3172.98
-1723.74
3.025
-5.23945
-6.28395e-12
2.87282e-12
6345.96
-1615.53
5.23945
-7.98134e-13
2681.21
-1.24112e-11
-3172.98
3.225
-5.56421
7.18337
1.02518e-11
3025
-8.75487e-13
-3.2125
5.56421
-7.18337
-5.14427e-12
-1512.5
-2.44495e-12
-1606.25
-1.18117e-12
-2664.06
11.7158
15.125
3212.5
-6.28812e-12
3.53931e-12
-6.76411
11.7158
-15.125
-1606.25
9.66316e-12
2.41405
1339
4524.09
2.78836
4.80792
-1265.28
2.78211
-3.59168
2090.88
-2.78836
-2469.54
-809.36
-2.0543e-12
-2670.82
-7.64676e-12
-6.25
3212.5
-10.3923
3.52257e-12
-4.45821e-12
12.5
1.80167e-12
-1606.25
1.17952e-11
-6.93173e-12
2670.82
-6.25
5.56421
9.6375
-2.04965
-2.79293
3.61648
-3.3633
3.05157
-2.74375
-7.83348
5.58586
-7.21132
-1.48736e-11
9060.48
1.62963e-11
-1612.5
-2514.94
-2681.21
1.36629e-11
4181.76
3225
-4948.74
3.56279e-12
-4.45499e-12
4.08776e-12
3.025
-1617.74
1.18468e-11
-3.025
2686.45
2.65289e-11
5.58586
9.675
-12.4904
9057.69
3.60566
1.09291e-11
-2517.73
4.8375
-7.85769
4187.35
-7.21132
6.76542e-15
-2.08254e-14
-3.57006e-15
-1607.26
9.075
-2681.21
-7.67065e-12
-1.84286e-12
3225
-5.23945
9.075
-4.41217e-12
5952.41
-6.94729e-11
-1612.5
-2.62973e-12
-2.26569e-11
17588.4
-2976.21
5.58586
9.675
4936.25
-6.18982e-11
-5856.4
-1.44656e-14
-5.58586
9.675
-9.46537
3.53016e-14
-5.08274e-14
3.025
-5.23945
-1606.25
-3.025
5.23945
1.25134e-11
-1.02546e-11
-4.87674e-12
3212.5
9060.48
1.01475e-11
-1.1848e-11
-2514.94
-2.72043e-12
-1606.25
4181.76
-1.3942e-11
1.30529e-11
7.18337
12.442
21.302
9.075
1.17628e-14
-2.63055
0.964566
2982.4
-811.156
-1.51721e-12
-8.28998e-12
1.36465e-11
8785.89
-1488.1
1606.25
2220.48
-6.56029e-12
-6.23029e-12
12.5
7.13882e-12
-1606.25
-7.42482e-12
-1.43342e-11
1.30815e-11
0.933368
12.442
16.0625
3.74458e-14
0.0279508
0.0484123
-7.12087
12.442
-16.0625
4.84916e-14
2090.87
0.0242061
1335.38
8.90296e-13
-803.63
2225.02
-1.37112e-12
-5.23945
9.075
5952.41
3225
-3.2547e-11
-3.35038e-11
2.29597e-11
14907.2
-2976.21
-1612.5
1.94917e-11
4948.74
6.26362e-11
-5849.19
12.4904
16.125
-1.7177e-14
-2.24959e-14
-1.02175e-15
-4.18632
12.4904
-16.125
6.53661e-14
-1.5125
1512.5
1340.61
-3.01699e-12
-806.25
5203.81
3025
6.11311e-12
-1.5443e-11
-1.70486e-11
3225
5952.41
-1512.5
-3.97316e-12
7.53531e-12
2514.94
-1612.5
-2976.21
3.025
-5.23945
13.9754
12.4904
16.125
-2.05354e-14
-3.025
5.23945
-13.9754
12.4904
-16.125
3025
-3.14554e-11
1.73339e-12
2681.21
-4.19909e-12
-3.59363e-12
2945.74
6714.61
2.79794e-12
-2928.2
-806.25
6151.65
2.79293
4.8375
-1341.66
1.5125
-1.49762e-12
2220.48
-2.79293
-2624.42
1506.25
-7.21298e-15
-8.90364e-13
1.60625
2973.42
-1562.5
2.90859e-12
1257.47
3.30102e-12
-1489.71
1616.79
2121.41
1.69103
667.706
-399.561
3789.36
-0.29456
2.41875
-669.025
12.4826
760.281
3515.76
-3.99454
-2622.9
-6.24519
8.64
-4.94023e-14
-8.61843
-2.78211
-806.25
2.89511e-12
0.00625
-0.0108253
-1.60625
1615.28
-8.67419e-13
-2.28801e-12
1335.4
0.0108253
1414.23
1.27477e-12
1749.71
1.80283
7.44259
229.641
5490.7
-742.655
6.35
-1349.47
3.38205
-1.51105e-12
2227.61
-0.173205
-2636.51
-6.24519
9.31581e-12
1512.5
1.6125
-2.79293
-806.25
-1.77978e-12
-756.25
1.28389e-11
-1.6125
2872.76
-1.00426e-11
2.61973
1345.14
-5.85789
1422.87
1.29749e-12
2123.54
3.42191
630.345
-402.023
5501.37
3.66522
-1.02039
-1346.85
-8.8099e-12
4530.24
2226.5
1.74457
-3896.46
-6.24519
2.63178e-13
2090.88
1514.11
-2477.16
-806.25
-6.02504e-12
1.23509e-12
1.5125
-760.482
1615.29
-1.46118e-11
-9.45077e-15
1343.99
4.34539
1433.05
1.26429e-12
1.16866e-11
3.60566
2.86313
13.9204
9352.44
2.21075e-11
2.57346e-15
-3.60566
6.24519
-8.0625
1.29792e-14
-2.23779e-14
1.39862e-14
1340.61
1.14575e-12
-2.89839e-12
2229.12
3.37996e-12
2637.97
3.2081e-12
-1.94778e-12
-8.87956e-13
4829.76
-1.43219e-14
2.81514e-11
-1340.61
9.166e-13
3.7577e-12
2229.12
-1.64702e-12
-1318.98
-1.80283
3.12259
-4.03125
0.80625
-1.39647
1.25037e-14
669.497
1.39647
-1.44528e-12
1114.56
670.304
2637.97
3.2081e-12
-1.94778e-12
-8.87956e-13
4829.76
-1.43219e-14
2.81514e-11
-1340.61
9.166e-13
3.7577e-12
2229.12
-1.64702e-12
-2637.97
1.82237e-15
-8.50361e-15
1.1189e-14
1.6125
-2.79293
6.7973e-15
-2.60908
4.51906
-4.03125
4.6479e-13
670.304
1.39862e-14
1340.61
1.14575e-12
-2.89839e-12
2229.12
3.37996e-12
2637.97
3.2081e-12
-1.94778e-12
-8.87956e-13
4829.76
-1.43219e-14
2.81514e-11
-1340.61
9.166e-13
3.7577e-12
2229.12
-1.64702e-12
-2637.97
1.82237e-15
-8.50361e-15
1.1189e-14
1.6125
-2.79293
-4.51364e-12
-631.344
4.51906
-4.03125
1045.44
670.304
1.4406e-14
1340.61
1.19098e-12
2.61973
2233.66
3.36999e-12
2637.97
3.19341e-12
-1.92846e-12
-2.61973
4834.3
-4.85358e-14
2976.21
-1340.61
-1.56673e-11
6.56585e-11
2229.12
7453.6
-4126.07
-2.2634e-11
7.13151e-12
2474.37
1.6125
-2930.99
2.46764e-15
-1.6125
2.79293
1.45559e-14
8.87319e-13
1342.12
1.14575e-12
6.75993e-12
4458.24
1.62929e-11
-4.1247e-12
5.4996e-12
-2.7498e-12
-2.86438e-14
9659.52
-3.53177e-11
2.2915e-12
-2681.21
1.3749e-12
-3.29403e-12
4458.24
4.52571e-12
6.26582e-15
7.86724e-15
-5.12455e-14
5.58586
9.675
1.27554e-14
-5.58586
9.675
5.86526e-13
-1586.49
2229.12
1.05454e-11
-2637.97
-5.39487e-12
-3121.8
3172.98
4829.76
1.04926e-11
-1.65131e-11
6605.79
1.3749e-12
-3.29403e-12
4458.24
4.52571e-12
6.26582e-15
7.86724e-15
-5.12455e-14
5.58586
9.675
1.27554e-14
-5.58586
9.675
2.73011e-14
-3172.98
-7.27551e-12
4.79783e-12
-5275.93
-1.62893e-11
-3121.8
3172.98
2229.12
3.62979e-11
-1.97212e-11
7946.4
-2.7498e-12
-2.86438e-14
9659.52
-3.53177e-11
2.2915e-12
-2681.21
1.3749e-12
-3.29403e-12
4458.24
4.52571e-12
6.26582e-15
7.86724e-15
-5.12455e-14
5.58586
9.675
1.27554e-14
-5.58586
9.675
2.73011e-14
-3172.98
-7.27551e-12
4.79783e-12
-5275.93
-1.62893e-11
-3121.8
3172.98
2229.12
3.6299e-11
-1.97231e-11
7944.89
3025
-3.30218e-11
9659.52
-1.64031e-11
5952.41
-4193.71
1.79252e-11
5.48006e-13
6973.18
-2.27111e-11
-2976.21
3.025
-5.23945
12.35
9.675
-2.35749e-15
-5.58586
6.65
5.23945
-3179.74
-7.2986e-12
4.83771e-12
-5275.93
-4.92825e-11
-3218.6
6345.96
-1.57473e-11
7.52175e-11
-1.00041e-10
15892.8
-3172.98
7.73381e-12
1.0856e-11
5275.93
-1.22237e-11
-6243.6
1.45457e-15
-2.68535e-15
3.35669e-15
8.17517e-15
-3.82663e-14
3.225
-1.67834e-15
2.90913e-15
-3.35669e-15
-5.25881e-15
8.72739e-15
-3.225
-1612.5
4.01013e-12
-2681.21
-1.8332e-12
-3172.98
3225
-1586.49
1.43219e-14
2.28434e-12
2637.97
3172.98
-3928.05
1.71935e-12
-4.16677e-13
1340.61
-4.9119e-12
-1586.49
3.225
-1.67834e-15
2.90913e-15
-3.35669e-15
-5.25881e-15
8.72739e-15
-3.225
-1612.5
4.01013e-12
-2681.21
-1.8332e-12
-3172.98
3225
-1.8332e-12
-7.70517e-12
-6.2873e-12
2.8787e-12
6345.96
-1612.5
-1586.49
3.45157e-12
1340.61
2637.97
-1586.49
-3120.19
1.45457e-15
-2.68535e-15
3.35669e-15
8.17517e-15
-3.82663e-14
3.225
-1.67834e-15
2.90913e-15
-3.35669e-15
-5.25881e-15
8.72739e-15
-3.225
-1612.5
4.01013e-12
-2681.21
-1.8332e-12
-3172.98
3225
-1.8332e-12
-7.70517e-12
-6.2873e-12
2.8787e-12
6345.96
-1612.5
-2342.74
1.63479e-11
1340.61
3895.44
-1586.49
-3117.57
9.075
-11.7158
8.39433e-15
2.70401e-14
-1.34848e-14
-2.01445
9.075
-11.7158
-4.36578e-14
6.44285e-14
3.81136e-14
-3.225
-1612.5
3025
-2681.21
-1.6973e-11
-3172.98
3225
-1512.5
-1.4103e-11
-4.9208e-11
1.0415e-11
6352.73
-1600.78
15.125
-8.27783e-13
2681.21
-9.95602e-12
-3179.74
14.9408
-5.58586
7.21132
-1.16365e-14
2.01401e-14
-1.24198e-14
-3.225
5.58586
-7.21132
1.43219e-14
-2.10353e-14
3.35669e-15
-1612.5
-2.06235e-12
-2681.21
-7.67653e-12
-1.8332e-12
3225
-6.30163e-12
3.56615e-12
-4.46843e-12
4.1247e-12
1.8332e-12
-1612.5
1.18585e-11
-2.79293
1344.21
9.50391e-12
2.79293
4.8375
-7.85769
2.79293
-3.60566
3.70635e-15
-2.79293
4.8375
-812.495
-2.06235e-12
-2681.21
-7.67653e-12
-1.8332e-12
3225
-6.30163e-12
3.56615e-12
-4.46843e-12
4.1247e-12
1.8332e-12
-1612.5
1.18585e-11
-6.97475e-12
2681.21
1.90195e-11
5.58586
9.675
-12.4904
-2.79293
3.60566
-9.27286e-15
-2.79293
4.8375
-7.85769
5.58586
-7.21132
1.43219e-14
-2.10353e-14
3.35669e-15
-1612.5
-2.06235e-12
-2681.21
-7.67653e-12
-1.8332e-12
3225
-6.30163e-12
3.56615e-12
-4.46843e-12
4.1247e-12
1.8332e-12
-1612.5
1.18585e-11
-6.97475e-12
2681.21
1.90195e-11
5.58586
9.675
-12.4904
-10.3554
3.60566
3.56461e-14
-2.79293
4.8375
-7.85769
5.58586
9053.27
-9.66584e-11
1.54483e-10
-2514.94
-1612.5
4.33209e-12
1500.55
-5.32415e-11
-4948.74
3225
-6.31716e-12
3.58588e-12
3.025
-5.23945
1.87266e-12
-1612.5
1.1874e-11
-6.99448e-12
2678.19
5.23945
5.58586
9.675
-12.4904
9060.48
-1.75776e-12
2.72232e-11
-2520.52
9.675
-12.4904
2.95389e-14
-4.38607e-14
7.38472e-15
4.01013e-12
-1612.5
7.39725e-12
-1.3749e-12
1.06268e-11
-7.70517e-12
-6.30163e-12
3225
1.45367e-12
-6.55584e-12
-6.23002e-12
3.6664e-12
7.16094e-12
-1612.5
-7.42947e-12
-1.44042e-11
1.31045e-11
7.21132
12.4904
16.125
-1.33988e-14
9.39873e-15
-3.52452e-14
-3.60566
6.24519
-814.312
3.72302e-12
-7.24597e-13
5.32035e-12
1340.61
-4.29656e-12
1612.5
2229.12
-6.55584e-12
-6.23002e-12
3.6664e-12
7.16094e-12
-1612.5
-7.42947e-12
-1.44042e-11
1.31045e-11
7.21132
12.4904
16.125
-1.33988e-14
-1.07414e-14
-2.66297e-14
-7.21132
12.4904
-16.125
4.87839e-14
-2.23779e-14
-1.49932e-14
1340.61
8.59313e-13
-806.25
2229.12
-1.3749e-12
1.06268e-11
-7.70517e-12
-6.30163e-12
3225
1.45367e-12
-6.55584e-12
-6.23002e-12
3.6664e-12
7.16094e-12
-1612.5
-7.42947e-12
-1.44042e-11
1.31045e-11
7.21132
12.4904
16.125
-1.33988e-14
-1.07414e-14
-2.66297e-14
-7.21132
12.4904
-16.125
4.87839e-14
2090.88
2.66559e-11
1340.61
8.62556e-13
-806.25
2231.74
9.075
1.0627e-11
-7.7207e-12
-6.27476e-12
3225
-5.23945
9.075
-6.32825e-12
5952.41
-5.75626e-11
-1612.5
1.47075e-10
-1.61321e-11
14907.2
-2969
12.4904
16.125
4948.74
-5.37271e-11
-5856.4
-7.21132
12.4904
-16.125
6.22311e-14
-1.42933e-13
3.025
2681.21
-2.32089e-12
-5.8127e-12
4458.24
5275.93
-6.2873e-12
3.56615e-12
1.45367e-12
9659.52
8.9646e-13
-3.37781e-11
-2681.21
1.58973e-12
-3.02908e-12
4458.24
-9.69815e-12
-5275.93
-1.16365e-14
1.96926e-14
-2.59584e-14
3.225
-5.58586
-1.04057e-14
-6.4896e-15
1.5217e-14
-2.99864e-14
-3.225
5.58586
2637.97
-4.06025e-12
1340.61
1.5396e-13
7058.88
5.04197e-12
-1.54497e-11
-1340.61
-2.48306e-12
-1.06631e-12
7058.88
1.7408e-11
-5275.93
-1.16365e-14
1.96926e-14
-2.59584e-14
3.225
-5.58586
-1.04057e-14
-6.4896e-15
1.5217e-14
-2.99864e-14
-3.225
5.58586
4.11754e-14
-1.8332e-12
2681.21
-1.14575e-12
4458.24
9.18748e-12
2637.97
-5.37786e-12
-1.49485e-12
1.17507e-12
9659.52
2.27053e-11
-3.37781e-11
-2681.21
1.58973e-12
-3.02908e-12
4458.24
-9.69815e-12
-5275.93
-1.16365e-14
1.96926e-14
-2.59584e-14
3.225
-5.58586
-1.04057e-14
-6.4896e-15
1.5217e-14
-2.99864e-14
-3.225
5.58586
4.11754e-14
-1.8332e-12
2681.21
-1.14575e-12
4458.24
9.18748e-12
2637.97
-1.5125
1512.5
3.43193e-12
9659.52
2.59294e-11
-4.1516e-11
3271.2
-1512.5
-2.17288e-11
4458.24
2514.94
-5275.93
-2976.21
3.025
-5.23945
9.98911
-5.58586
-5.0287e-14
-2.35966e-14
-3.025
5.23945
-9.98911
5.58586
8.90329e-14
-1.81609e-12
2681.21
3025
4458.24
1.44967e-12
1.19061e-11
3.80673e-12
-8.8127e-12
-1512.5
9659.52
4.82353e-11
0
0
0
0
0
0
0
0
0
0
0
0
0
0
0
0
0
0
0
0
0
0
0
0
0
0
0
0
0
0
0
0
0
0
0
0
0
0
0
0
0
0
0
0
0
0
0
0
0
0
0
0
0
0
0
0
0
0
0
0
0
0
0
0
0
0
0
0
0
0
0
0
0
0
0
0
0
0
0
0
0
0
0
0
0
0
0
0
0
0
0
0
0
0
0
0
0
0
0
0
0
0
0
0
0
0
0
0
0
0
0
0
0
0
0
0
0
0
0
